0.0 	 -9.81e-05 
0.01 	 -0.0003924 
0.02 	 -0.0012753 
0.03 	 -0.0026487 
0.04 	 -0.0040221 
0.05 	 -0.0051012 
0.06 	 -0.0053955 
0.07 	 -0.0045126 
0.08 	 -0.001962 
0.09 	 0.0035316 
0.1 	 0.012753 
0.11 	 0.0248193 
0.12 	 0.0377685 
0.13 	 0.0485595 
0.14 	 0.054936 
0.15 	 0.0567018 
0.16 	 0.054936 
0.17 	 0.0515025 
0.18 	 0.0474804 
0.19 	 0.0429678 
0.2 	 0.0374742 
0.21 	 0.0310977 
0.22 	 0.0251136 
0.23 	 0.0210915 
0.24 	 0.0199143 
0.25 	 0.0214839 
0.26 	 0.0241326 
0.27 	 0.0257022 
0.28 	 0.0236421 
0.29 	 0.0163827 
0.3 	 0.0030411 
0.31 	 -0.0154017 
0.32 	 -0.0367875 
0.33 	 -0.0581733 
0.34 	 -0.0763218 
0.35 	 -0.0889767 
0.36 	 -0.0942741 
0.37 	 -0.0913311 
0.38 	 -0.0798534 
0.39 	 -0.0609201 
0.4 	 -0.0365913 
0.41 	 -0.0102024 
0.42 	 0.0140283 
0.43 	 0.0321768 
0.44 	 0.041202 
0.45 	 0.0400248 
0.46 	 0.0302148 
0.47 	 0.0153036 
0.48 	 -0.0001962 
0.49 	 -0.0125568 
0.5 	 -0.0190314 
0.51 	 -0.0177561 
0.52 	 -0.0070632 
0.53 	 0.0133416 
0.54 	 0.0416925 
0.55 	 0.0731826 
0.56 	 0.1013373 
0.57 	 0.1204668 
0.58 	 0.1276281 
0.59 	 0.1234098 
0.6 	 0.1110492 
0.61 	 0.0934893 
0.62 	 0.0723978 
0.63 	 0.047088 
0.64 	 0.0159903 
0.65 	 -0.021582 
0.66 	 -0.0641574 
0.67 	 -0.1078119 
0.68 	 -0.1480329 
0.69 	 -0.180504 
0.7 	 -0.2023803 
0.71 	 -0.211896 
0.72 	 -0.2078739 
0.73 	 -0.1904121 
0.74 	 -0.1613745 
0.75 	 -0.1237041 
0.76 	 -0.0817173 
0.77 	 -0.0393381 
0.78 	 0.0001962 
0.79 	 0.0338445 
0.8 	 0.0595467 
0.81 	 0.0760275 
0.82 	 0.083385 
0.83 	 0.082404 
0.84 	 0.0747522 
0.85 	 0.0621954 
0.86 	 0.0464013 
0.87 	 0.0287433 
0.88 	 0.0097119 
0.89 	 -0.010791 
0.9 	 -0.0319806 
0.91 	 -0.0515025 
0.92 	 -0.0640593 
0.93 	 -0.0634707 
0.94 	 -0.0440469 
0.95 	 -0.0043164 
0.96 	 0.051012 
0.97 	 0.1109511 
0.98 	 0.1621593 
0.99 	 0.1940418 
1.0 	 0.2024784 
1.01 	 0.1894311 
1.02 	 0.1603935 
1.03 	 0.1210554 
1.04 	 0.0749484 
1.05 	 0.0241326 
1.06 	 -0.02943 
1.07 	 -0.0829926 
1.08 	 -0.1329255 
1.09 	 -0.1756971 
1.1 	 -0.2096397 
1.11 	 -0.2353419 
1.12 	 -0.25506 
1.13 	 -0.2699712 
1.14 	 -0.2790945 
1.15 	 -0.2789964 
1.16 	 -0.2650662 
1.17 	 -0.2326932 
1.18 	 -0.1788363 
1.19 	 -0.1036917 
1.2 	 -0.0120663 
1.21 	 0.0858375 
1.22 	 0.175599 
1.23 	 0.2426013 
1.24 	 0.2757591 
1.25 	 0.2705598 
1.26 	 0.2307312 
1.27 	 0.167751 
1.28 	 0.0983943 
1.29 	 0.040221 
1.3 	 0.006867 
1.31 	 0.0046107 
1.32 	 0.0319806 
1.33 	 0.0811287 
1.34 	 0.1403811 
1.35 	 0.1974753 
1.36 	 0.2412279 
1.37 	 0.2626137 
1.38 	 0.2562372 
1.39 	 0.2209212 
1.4 	 0.1613745 
1.41 	 0.0890748 
1.42 	 0.020601 
1.43 	 -0.0261927 
1.44 	 -0.03924 
1.45 	 -0.0174618 
1.46 	 0.0281547 
1.47 	 0.0782838 
1.48 	 0.1126188 
1.49 	 0.1161504 
1.5 	 0.0815211 
1.51 	 0.008829 
1.52 	 -0.0957456 
1.53 	 -0.2204307 
1.54 	 -0.3484512 
1.55 	 -0.46107 
1.56 	 -0.5399424 
1.57 	 -0.5704515 
1.58 	 -0.5449455 
1.59 	 -0.4652883 
1.6 	 -0.3418785 
1.61 	 -0.190314 
1.62 	 -0.026487 
1.63 	 0.1357704 
1.64 	 0.285471 
1.65 	 0.4127067 
1.66 	 0.5070789 
1.67 	 0.5576985 
1.68 	 0.5554422 
1.69 	 0.4967784 
1.7 	 0.3879855 
1.71 	 0.2464272 
1.72 	 0.0969228 
1.73 	 -0.0365913 
1.74 	 -0.1376343 
1.75 	 -0.1998297 
1.76 	 -0.226611 
1.77 	 -0.2274939 
1.78 	 -0.2126808 
1.79 	 -0.1871748 
1.8 	 -0.1489158 
1.81 	 -0.0908406 
1.82 	 -0.0086328 
1.83 	 0.0919197 
1.84 	 0.1931589 
1.85 	 0.2701674 
1.86 	 0.2993031 
1.87 	 0.2660472 
1.88 	 0.1695168 
1.89 	 0.0238383 
1.9 	 -0.1457766 
1.91 	 -0.3088188 
1.92 	 -0.4380165 
1.93 	 -0.5156136 
1.94 	 -0.5362146 
1.95 	 -0.5036454 
1.96 	 -0.4262445 
1.97 	 -0.3126447 
1.98 	 -0.1703016 
1.99 	 -0.0069651 
2.0 	 0.1665738 
2.01 	 0.3341286 
2.02 	 0.4750002 
2.03 	 0.5683914 
2.04 	 0.5997834 
2.05 	 0.5662332 
2.06 	 0.4763736 
2.07 	 0.3464892 
2.08 	 0.1937475 
2.09 	 0.0319806 
2.1 	 -0.1283148 
2.11 	 -0.2755629 
2.12 	 -0.395343 
2.13 	 -0.4711743 
2.14 	 -0.4897152 
2.15 	 -0.4462569 
2.16 	 -0.3471759 
2.17 	 -0.2081682 
2.18 	 -0.0499329 
2.19 	 0.1070271 
2.2 	 0.2445633 
2.21 	 0.3467835 
2.22 	 0.3997575 
2.23 	 0.3926943 
2.24 	 0.3232395 
2.25 	 0.203067 
2.26 	 0.0577809 
2.27 	 -0.0797553 
2.28 	 -0.1798173 
2.29 	 -0.2251395 
2.3 	 -0.2166048 
2.31 	 -0.170694 
2.32 	 -0.1125207 
2.33 	 -0.0652365 
2.34 	 -0.0423792 
2.35 	 -0.0450279 
2.36 	 -0.0634707 
2.37 	 -0.0829926 
2.38 	 -0.0908406 
2.39 	 -0.0825021 
2.4 	 -0.0651384 
2.41 	 -0.0547398 
2.42 	 -0.066708 
2.43 	 -0.1040841 
2.44 	 -0.1536246 
2.45 	 -0.1921779 
2.46 	 -0.201105 
2.47 	 -0.1783458 
2.48 	 -0.1415583 
2.49 	 -0.1182105 
2.5 	 -0.1296882 
2.51 	 -0.1778553 
2.52 	 -0.2433861 
2.53 	 -0.2957715 
2.54 	 -0.3057777 
2.55 	 -0.2556486 
2.56 	 -0.1416564 
2.57 	 0.0265851 
2.58 	 0.2287692 
2.59 	 0.4367412 
2.6 	 0.617049 
2.61 	 0.7364367 
2.62 	 0.7715565 
2.63 	 0.7189749 
2.64 	 0.5973309 
2.65 	 0.4405671 
2.66 	 0.2829204 
2.67 	 0.1456785 
2.68 	 0.0331578 
2.69 	 -0.0617049 
2.7 	 -0.1478367 
2.71 	 -0.2297502 
2.72 	 -0.3062682 
2.73 	 -0.3722895 
2.74 	 -0.4213395 
2.75 	 -0.4450797 
2.76 	 -0.4327191 
2.77 	 -0.3710142 
2.78 	 -0.2497626 
2.79 	 -0.0698472 
2.8 	 0.1486215 
2.81 	 0.3662073 
2.82 	 0.5330754 
2.83 	 0.6048846 
2.84 	 0.557208 
2.85 	 0.3936753 
2.86 	 0.1436184 
2.87 	 -0.1477386 
2.88 	 -0.4337001 
2.89 	 -0.6771843 
2.9 	 -0.8548434 
2.91 	 -0.9552978 
2.92 	 -0.9753102 
2.93 	 -0.9178236 
2.94 	 -0.792648 
2.95 	 -0.6161661 
2.96 	 -0.4099599 
2.97 	 -0.1960038 
2.98 	 0.0077499 
2.99 	 0.1900197 
3.0 	 0.346293 
3.01 	 0.4755888 
3.02 	 0.5755527 
3.03 	 0.6395139 
3.04 	 0.6569757 
3.05 	 0.6192072 
3.06 	 0.5245407 
3.07 	 0.3831786 
3.08 	 0.2167029 
3.09 	 0.0553284 
3.1 	 -0.0683757 
3.11 	 -0.1273338 
3.12 	 -0.1072233 
3.13 	 -0.0129492 
3.14 	 0.132435 
3.15 	 0.2945943 
3.16 	 0.4383108 
3.17 	 0.5373918 
3.18 	 0.579771 
3.19 	 0.5671161 
3.2 	 0.5100219 
3.21 	 0.4206528 
3.22 	 0.3067587 
3.23 	 0.169713 
3.24 	 0.0077499 
3.25 	 -0.1773648 
3.26 	 -0.3741534 
3.27 	 -0.5595624 
3.28 	 -0.7026903 
3.29 	 -0.7742052 
3.3 	 -0.7566453 
3.31 	 -0.6507954 
3.32 	 -0.4739211 
3.33 	 -0.2518227 
3.34 	 -0.0113796 
3.35 	 0.2220984 
3.36 	 0.4251654 
3.37 	 0.5754546 
3.38 	 0.6571719 
3.39 	 0.6671781 
3.4 	 0.6197958 
3.41 	 0.5431797 
3.42 	 0.4695066 
3.43 	 0.4223205 
3.44 	 0.4099599 
3.45 	 0.4249692 
3.46 	 0.4505733 
3.47 	 0.4690161 
3.48 	 0.4668579 
3.49 	 0.4367412 
3.5 	 0.3763116 
3.51 	 0.2858634 
3.52 	 0.1676529 
3.53 	 0.026487 
3.54 	 -0.1308654 
3.55 	 -0.2971449 
3.56 	 -0.4646016 
3.57 	 -0.6247989 
3.58 	 -0.7672401 
3.59 	 -0.8808399 
3.6 	 -0.9562788 
3.61 	 -0.9894366 
3.62 	 -0.9820791 
3.63 	 -0.9401904 
3.64 	 -0.8710299 
3.65 	 -0.7807779 
3.66 	 -0.6746337 
3.67 	 -0.5578947 
3.68 	 -0.4382127 
3.69 	 -0.3252015 
3.7 	 -0.2284749 
3.71 	 -0.1538208 
3.72 	 -0.0980019 
3.73 	 -0.0467937 
3.74 	 0.0210915 
3.75 	 0.1238022 
3.76 	 0.2657529 
3.77 	 0.4310514 
3.78 	 0.5869323 
3.79 	 0.6952347 
3.8 	 0.7250571 
3.81 	 0.6640389 
3.82 	 0.5219901 
3.83 	 0.3299103 
3.84 	 0.1299825 
3.85 	 -0.036297 
3.86 	 -0.1404792 
3.87 	 -0.1743237 
3.88 	 -0.1498968 
3.89 	 -0.0942741 
3.9 	 -0.03924 
3.91 	 -0.0101043 
3.92 	 -0.0170694 
3.93 	 -0.0523854 
3.94 	 -0.0934893 
3.95 	 -0.1125207 
3.96 	 -0.0877995 
3.97 	 -0.0141264 
3.98 	 0.0978057 
3.99 	 0.2284749 
4.0 	 0.3586536 
4.01 	 0.4737249 
4.02 	 0.561132 
4.03 	 0.6068466 
4.04 	 0.5968404 
4.05 	 0.5247369 
4.06 	 0.3995613 
4.07 	 0.2464272 
4.08 	 0.0991791 
4.09 	 -0.0116739 
4.1 	 -0.0680814 
4.11 	 -0.0682776 
4.12 	 -0.023544 
4.13 	 0.0466956 
4.14 	 0.1191915 
4.15 	 0.1694187 
4.16 	 0.1740294 
4.17 	 0.1150713 
4.18 	 -0.0146169 
4.19 	 -0.2061081 
4.2 	 -0.4348773 
4.21 	 -0.6664914 
4.22 	 -0.8656344 
4.23 	 -1.0046421 
4.24 	 -1.0685052 
4.25 	 -1.0551636 
4.26 	 -0.9723672 
4.27 	 -0.8337519 
4.28 	 -0.6552099 
4.29 	 -0.4548897 
4.3 	 -0.2525094 
4.31 	 -0.0687681 
4.32 	 0.07848 
4.33 	 0.1801116 
4.34 	 0.2387754 
4.35 	 0.2663415 
4.36 	 0.2780154 
4.37 	 0.2843919 
4.38 	 0.288414 
4.39 	 0.2867463 
4.4 	 0.2750724 
4.41 	 0.252117 
4.42 	 0.2204307 
4.43 	 0.184428 
4.44 	 0.1463652 
4.45 	 0.1048689 
4.46 	 0.0553284 
4.47 	 -0.0060822 
4.48 	 -0.0801477 
4.49 	 -0.1627479 
4.5 	 -0.2464272 
4.51 	 -0.3226509 
4.52 	 -0.3849444 
4.53 	 -0.4299723 
4.54 	 -0.4554783 
4.55 	 -0.4560669 
4.56 	 -0.4203585 
4.57 	 -0.3334419 
4.58 	 -0.1832508 
4.59 	 0.0308034 
4.6 	 0.2922399 
4.61 	 0.5682933 
4.62 	 0.8197236 
4.63 	 1.0129806 
4.64 	 1.1307006 
4.65 	 1.1733741 
4.66 	 1.1531655 
4.67 	 1.0829259 
4.68 	 0.9689337 
4.69 	 0.8111889 
4.7 	 0.6096915 
4.71 	 0.3725838 
4.72 	 0.1197801 
4.73 	 -0.120663 
4.74 	 -0.320787 
4.75 	 -0.4621491 
4.76 	 -0.5386671 
4.77 	 -0.5548536 
4.78 	 -0.5212053 
4.79 	 -0.4516524 
4.8 	 -0.3618909 
4.81 	 -0.2690883 
4.82 	 -0.1899216 
4.83 	 -0.1369476 
4.84 	 -0.1159542 
4.85 	 -0.1238022 
4.86 	 -0.1483272 
4.87 	 -0.1703997 
4.88 	 -0.1698111 
4.89 	 -0.1328274 
4.9 	 -0.0584676 
4.91 	 0.0405153 
4.92 	 0.1421469 
4.93 	 0.2240604 
4.94 	 0.2713446 
4.95 	 0.279585 
4.96 	 0.2544714 
4.97 	 0.2074815 
4.98 	 0.1509759 
4.99 	 0.0945684 
5.0 	 0.0442431 
5.01 	 0.0034335 
5.02 	 -0.0260946 
5.03 	 -0.0456165 
5.04 	 -0.0610182 
5.05 	 -0.0839736 
5.06 	 -0.1268433 
5.07 	 -0.1943361 
5.08 	 -0.2790945 
5.09 	 -0.3626757 
5.1 	 -0.4235958 
5.11 	 -0.4470417 
5.12 	 -0.4310514 
5.13 	 -0.3856311 
5.14 	 -0.3275559 
5.15 	 -0.2718351 
5.16 	 -0.224649 
5.17 	 -0.1813869 
5.18 	 -0.1300806 
5.19 	 -0.0587619 
5.2 	 0.0378666 
5.21 	 0.155979 
5.22 	 0.2858634 
5.23 	 0.4180041 
5.24 	 0.5486733 
5.25 	 0.6810102 
5.26 	 0.820116 
5.27 	 0.9648135 
5.28 	 1.1010744 
5.29 	 1.2005478 
5.3 	 1.2288006 
5.31 	 1.1583648 
5.32 	 0.9804114 
5.33 	 0.7088706 
5.34 	 0.3769983 
5.35 	 0.0256041 
5.36 	 -0.3079359 
5.37 	 -0.5976252 
5.38 	 -0.8306127 
5.39 	 -1.0044459 
5.4 	 -1.1220678 
5.41 	 -1.1892663 
5.42 	 -1.2110445 
5.43 	 -1.1916207 
5.44 	 -1.134036 
5.45 	 -1.0432935 
5.46 	 -0.928026 
5.47 	 -0.8008884 
5.48 	 -0.6763995 
5.49 	 -0.5668218 
5.5 	 -0.4798071 
5.51 	 -0.4184946 
5.52 	 -0.3843558 
5.53 	 -0.3797451 
5.54 	 -0.4075074 
5.55 	 -0.466956 
5.56 	 -0.5504391 
5.57 	 -0.6417702 
5.58 	 -0.7179939 
5.59 	 -0.753408 
5.6 	 -0.7270191 
5.61 	 -0.6287229 
5.62 	 -0.4612662 
5.63 	 -0.2389716 
5.64 	 0.0184428 
5.65 	 0.2905722 
5.66 	 0.5582871 
5.67 	 0.8032428 
5.68 	 1.0068984 
5.69 	 1.1521845 
5.7 	 1.2257595 
5.71 	 1.2215412 
5.72 	 1.1442384 
5.73 	 1.0110186 
5.74 	 0.8489574 
5.75 	 0.6873867 
5.76 	 0.5502429 
5.77 	 0.4507695 
5.78 	 0.3888684 
5.79 	 0.3539448 
5.8 	 0.3300084 
5.81 	 0.3024423 
5.82 	 0.2636928 
5.83 	 0.2154276 
5.84 	 0.16677 
5.85 	 0.1299825 
5.86 	 0.1153656 
5.87 	 0.1279224 
5.88 	 0.1646118 
5.89 	 0.2143485 
5.9 	 0.2587878 
5.91 	 0.2758572 
5.92 	 0.2444652 
5.93 	 0.1495044 
5.94 	 -0.0138321 
5.95 	 -0.2373039 
5.96 	 -0.5020758 
5.97 	 -0.7837209 
5.98 	 -1.0562427 
5.99 	 -1.2957048 
6.0 	 -1.4833701 
6.01 	 -1.6079571 
6.02 	 -1.6675038 
6.03 	 -1.6674057 
6.04 	 -1.6165899 
6.05 	 -1.5232968 
6.06 	 -1.392039 
6.07 	 -1.2238956 
6.08 	 -1.0174932 
6.09 	 -0.7701831 
6.1 	 -0.482652 
6.11 	 -0.1637289 
6.12 	 0.1636308 
6.13 	 0.46107 
6.14 	 0.6826779 
6.15 	 0.7890183 
6.16 	 0.7630218 
6.17 	 0.6198939 
6.18 	 0.4030929 
6.19 	 0.1696149 
6.2 	 -0.0291357 
6.21 	 -0.1607859 
6.22 	 -0.2169972 
6.23 	 -0.2093454 
6.24 	 -0.1601973 
6.25 	 -0.0932931 
6.26 	 -0.0269775 
6.27 	 0.0286452 
6.28 	 0.070632 
6.29 	 0.1002582 
6.3 	 0.1200744 
6.31 	 0.1339065 
6.32 	 0.1458747 
6.33 	 0.1594125 
6.34 	 0.1761876 
6.35 	 0.1960038 
6.36 	 0.2154276 
6.37 	 0.2277882 
6.38 	 0.2218041 
6.39 	 0.1823679 
6.4 	 0.0972171 
6.41 	 -0.0338445 
6.42 	 -0.1944342 
6.43 	 -0.3526695 
6.44 	 -0.4670541 
6.45 	 -0.493443 
6.46 	 -0.3952449 
6.47 	 -0.1527417 
6.48 	 0.2306331 
6.49 	 0.7292754 
6.5 	 1.3025718 
6.51 	 1.9037286 
6.52 	 2.4867369 
6.53 	 3.0086289 
6.54 	 3.4343829 
6.55 	 3.7416321 
6.56 	 3.9197817 
6.57 	 3.9621609 
6.58 	 3.8607255 
6.59 	 3.6049788 
6.6 	 3.1899177 
6.61 	 2.6276085 
6.62 	 1.9529748 
6.63 	 1.2195792 
6.64 	 0.4877532 
6.65 	 -0.1910007 
6.66 	 -0.7834266 
6.67 	 -1.277262 
6.68 	 -1.6783929 
6.69 	 -2.0058507 
6.7 	 -2.2824927 
6.71 	 -2.525094 
6.72 	 -2.737971 
6.73 	 -2.9098422 
6.74 	 -3.014613 
6.75 	 -3.0153978 
6.76 	 -2.8769787 
6.77 	 -2.5792452 
6.78 	 -2.1187638 
6.79 	 -1.4988699 
6.8 	 -0.7213293 
6.81 	 0.206991 
6.82 	 1.2425346 
6.83 	 2.2738599 
6.84 	 3.1316463 
6.85 	 3.6417663 
6.86 	 3.6916011 
6.87 	 3.2739894 
6.88 	 2.4895818 
6.89 	 1.5126039 
6.9 	 0.5359203 
6.91 	 -0.2800755 
6.92 	 -0.8390493 
6.93 	 -1.114416 
6.94 	 -1.1337417 
6.95 	 -0.9539244 
6.96 	 -0.6402987 
6.97 	 -0.2546676 
6.98 	 0.1476405 
6.99 	 0.5186547 
7.0 	 0.820116 
7.01 	 1.0283823 
7.02 	 1.135017 
7.03 	 1.1425707 
7.04 	 1.0576161 
7.05 	 0.8864316 
7.06 	 0.6352956 
7.07 	 0.3157839 
7.08 	 -0.0494424 
7.09 	 -0.4223205 
7.1 	 -0.754389 
7.11 	 -0.998658 
7.12 	 -1.1230488 
7.13 	 -1.1208906 
7.14 	 -1.0102338 
7.15 	 -0.8237457 
7.16 	 -0.5950746 
7.17 	 -0.3498246 
7.18 	 -0.1066347 
7.19 	 0.1149732 
7.2 	 0.2871387 
7.21 	 0.374742 
7.22 	 0.3471759 
7.23 	 0.1928646 
7.24 	 -0.0749484 
7.25 	 -0.4219281 
7.26 	 -0.8003979 
7.27 	 -1.1558142 
7.28 	 -1.4354973 
7.29 	 -1.5969699 
7.3 	 -1.6150203 
7.31 	 -1.4833701 
7.32 	 -1.2075129 
7.33 	 -0.7960815 
7.34 	 -0.258003 
7.35 	 0.3932829 
7.36 	 1.1298177 
7.37 	 1.9037286 
7.38 	 2.6489943 
7.39 	 3.2917455 
7.4 	 3.7580148 
7.41 	 3.9815847 
7.42 	 3.9215475 
7.43 	 3.5832006 
7.44 	 3.0271698 
7.45 	 2.3569506 
7.46 	 1.6869276 
7.47 	 1.105587 
7.48 	 0.6535422 
7.49 	 0.3250053 
7.5 	 0.0837774 
7.51 	 -0.115758 
7.52 	 -0.3098979 
7.53 	 -0.5158098 
7.54 	 -0.7313355 
7.55 	 -0.9414657 
7.56 	 -1.1277576 
7.57 	 -1.2761829 
7.58 	 -1.3815423 
7.59 	 -1.4474655 
7.6 	 -1.4848416 
7.61 	 -1.5090723 
7.62 	 -1.5364422 
7.63 	 -1.581372 
7.64 	 -1.6538679 
7.65 	 -1.7597178 
7.66 	 -1.8997065 
7.67 	 -2.0704005 
7.68 	 -2.264148 
7.69 	 -2.4704523 
7.7 	 -2.6786205 
7.71 	 -2.8803141 
7.72 	 -3.0678813 
7.73 	 -3.2316102 
7.74 	 -3.3596307 
7.75 	 -3.4406613 
7.76 	 -3.4645977 
7.77 	 -3.4193736 
7.78 	 -3.2923341 
7.79 	 -3.0750426 
7.8 	 -2.7691668 
7.81 	 -2.3875578 
7.82 	 -1.9500318 
7.83 	 -1.4740506 
7.84 	 -0.9636363 
7.85 	 -0.4083903 
7.86 	 0.1939437 
7.87 	 0.8038314 
7.88 	 1.330236 
7.89 	 1.6543584 
7.9 	 1.681434 
7.91 	 1.3880169 
7.92 	 0.8317899 
7.93 	 0.1239003 
7.94 	 -0.614106 
7.95 	 -1.2849138 
7.96 	 -1.8319194 
7.97 	 -2.238642 
7.98 	 -2.5153821 
7.99 	 -2.6836236 
8.0 	 -2.7635751 
8.01 	 -2.7685782 
8.02 	 -2.7058923 
8.03 	 -2.5789509 
8.04 	 -2.3891274 
8.05 	 -2.1351465 
8.06 	 -1.8153405 
8.07 	 -1.4261778 
8.08 	 -0.945684 
8.09 	 -0.3189231 
8.1 	 0.518949 
8.11 	 1.5893181 
8.12 	 2.8259667 
8.13 	 4.0742892 
8.14 	 5.1465222 
8.15 	 5.8988511 
8.16 	 6.2708463 
8.17 	 6.2761437 
8.18 	 5.977233 
8.19 	 5.4644643 
8.2 	 4.8368205 
8.21 	 4.182984 
8.22 	 3.5670141 
8.23 	 3.0199104 
8.24 	 2.5390242 
8.25 	 2.0965932 
8.26 	 1.6573014 
8.27 	 1.1981934 
8.28 	 0.7172091 
8.29 	 0.2303388 
8.3 	 -0.2377944 
8.31 	 -0.6634503 
8.32 	 -1.0291671 
8.33 	 -1.3255272 
8.34 	 -1.5488028 
8.35 	 -1.698111 
8.36 	 -1.771686 
8.37 	 -1.7659962 
8.38 	 -1.6781967 
8.39 	 -1.5104457 
8.4 	 -1.2714741 
8.41 	 -0.976095 
8.42 	 -0.6420645 
8.43 	 -0.2889045 
8.44 	 0.0636669 
8.45 	 0.3968145 
8.46 	 0.6951366 
8.47 	 0.9487251 
8.48 	 1.1541465 
8.49 	 1.3144419 
8.5 	 1.4346144 
8.51 	 1.5175089 
8.52 	 1.561752 
8.53 	 1.5639102 
8.54 	 1.5206481 
8.55 	 1.431279 
8.56 	 1.2989421 
8.57 	 1.1300139 
8.58 	 0.9312633 
8.59 	 0.7073991 
8.6 	 0.4598928 
8.61 	 0.1898235 
8.62 	 -0.0991791 
8.63 	 -0.3980898 
8.64 	 -0.6946461 
8.65 	 -0.9758988 
8.66 	 -1.2302721 
8.67 	 -1.446975 
8.68 	 -1.6161975 
8.69 	 -1.7313669 
8.7 	 -1.7914041 
8.71 	 -1.8006255 
8.72 	 -1.7668791 
8.73 	 -1.6972281 
8.74 	 -1.5946155 
8.75 	 -1.4576679 
8.76 	 -1.2856005 
8.77 	 -1.084005 
8.78 	 -0.8694603 
8.79 	 -0.6669819 
8.8 	 -0.5029587 
8.81 	 -0.3947544 
8.82 	 -0.3431538 
8.83 	 -0.3307932 
8.84 	 -0.3288312 
8.85 	 -0.3081321 
8.86 	 -0.2508417 
8.87 	 -0.1556847 
8.88 	 -0.0345312 
8.89 	 0.0963342 
8.9 	 0.2244528 
8.91 	 0.3445272 
8.92 	 0.4585194 
8.93 	 0.5733945 
8.94 	 0.6991587 
8.95 	 0.8449353 
8.96 	 1.0152369 
8.97 	 1.2058452 
8.98 	 1.4027319 
8.99 	 1.5855903 
9.0 	 1.7348004 
9.01 	 1.8386883 
9.02 	 1.8973521 
9.03 	 1.9202094 
9.04 	 1.9184436 
9.05 	 1.8978426 
9.06 	 1.8524223 
9.07 	 1.7661924 
9.08 	 1.6200234 
9.09 	 1.4029281 
9.1 	 1.1192229 
9.11 	 0.7893126 
9.12 	 0.4433139 
9.13 	 0.1122264 
9.14 	 -0.1802097 
9.15 	 -0.4232034 
9.16 	 -0.6203844 
9.17 	 -0.7872525 
9.18 	 -0.9452916 
9.19 	 -1.1128464 
9.2 	 -1.299825 
9.21 	 -1.5053445 
9.22 	 -1.720674 
9.23 	 -1.9322757 
9.24 	 -2.1267099 
9.25 	 -2.2926951 
9.26 	 -2.4235605 
9.27 	 -2.5180308 
9.28 	 -2.5795395 
9.29 	 -2.6152479 
9.3 	 -2.6328078 
9.31 	 -2.6384976 
9.32 	 -2.6356527 
9.33 	 -2.6247636 
9.34 	 -2.6047512 
9.35 	 -2.5735554 
9.36 	 -2.5292142 
9.37 	 -2.4700599 
9.38 	 -2.3940324 
9.39 	 -2.2962267 
9.4 	 -2.1675195 
9.41 	 -1.9947654 
9.42 	 -1.7646228 
9.43 	 -1.4673798 
9.44 	 -1.0990143 
9.45 	 -0.6608997 
9.46 	 -0.1671624 
9.47 	 0.3451158 
9.48 	 0.8144262 
9.49 	 1.1686653 
9.5 	 1.3509351 
9.51 	 1.3465206 
9.52 	 1.1887758 
9.53 	 0.944703 
9.54 	 0.692586 
9.55 	 0.5026644 
9.56 	 0.422811 
9.57 	 0.4724496 
9.58 	 0.6424569 
9.59 	 0.9019314 
9.6 	 1.2054528 
9.61 	 1.5014205 
9.62 	 1.7381358 
9.63 	 1.8713556 
9.64 	 1.8730233 
9.65 	 1.7411769 
9.66 	 1.5005376 
9.67 	 1.195839 
9.68 	 0.8807418 
9.69 	 0.6067485 
9.7 	 0.4156497 
9.71 	 0.3341286 
9.72 	 0.3703275 
9.73 	 0.5110029 
9.74 	 0.724959 
9.75 	 0.9695223 
9.76 	 1.2010383 
9.77 	 1.3845834 
9.78 	 1.5007338 
9.79 	 1.5468408 
9.8 	 1.5326163 
9.81 	 1.4722848 
9.82 	 1.3791879 
9.83 	 1.2631356 
9.84 	 1.1331531 
9.85 	 0.9999333 
9.86 	 0.8763273 
9.87 	 0.7739109 
9.88 	 0.6998454 
9.89 	 0.6545232 
9.9 	 0.6341184 
9.91 	 0.6339222 
9.92 	 0.650403 
9.93 	 0.6812064 
9.94 	 0.7228989 
9.95 	 0.768123 
9.96 	 0.8051067 
9.97 	 0.8180559 
9.98 	 0.7913727 
9.99 	 0.7137756 
10.0 	 0.5831064 
10.01 	 0.4067226 
10.02 	 0.1996335 
10.03 	 -0.0197181 
10.04 	 -0.2326932 
10.05 	 -0.4223205 
10.06 	 -0.5753565 
10.07 	 -0.6854247 
10.08 	 -0.7539966 
10.09 	 -0.7893126 
10.1 	 -0.8035371 
10.11 	 -0.8094231 
10.12 	 -0.8170749 
10.13 	 -0.8321823 
10.14 	 -0.8548434 
10.15 	 -0.8805456 
10.16 	 -0.9017352 
10.17 	 -0.9091908 
10.18 	 -0.89271 
10.19 	 -0.8406189 
10.2 	 -0.742617 
10.21 	 -0.593505 
10.22 	 -0.3964221 
10.23 	 -0.1637289 
10.24 	 0.085347 
10.25 	 0.3274578 
10.26 	 0.5392557 
10.27 	 0.7009245 
10.28 	 0.7978473 
10.29 	 0.822078 
10.3 	 0.7732242 
10.31 	 0.6573681 
10.32 	 0.4876551 
10.33 	 0.2828223 
10.34 	 0.0658251 
10.35 	 -0.1384191 
10.36 	 -0.3064644 
10.37 	 -0.4190832 
10.38 	 -0.4643073 
10.39 	 -0.4389975 
10.4 	 -0.3505113 
10.41 	 -0.2159181 
10.42 	 -0.05886 
10.43 	 0.0956475 
10.44 	 0.2271015 
10.45 	 0.3235338 
10.46 	 0.3832767 
10.47 	 0.4119219 
10.48 	 0.4189851 
10.49 	 0.4143744 
10.5 	 0.4055454 
10.51 	 0.3964221 
10.52 	 0.3879855 
10.53 	 0.3795489 
10.54 	 0.3701313 
10.55 	 0.360027 
10.56 	 0.3517866 
10.57 	 0.3497265 
10.58 	 0.3605175 
10.59 	 0.3911247 
10.6 	 0.4461588 
10.61 	 0.5245407 
10.62 	 0.6182262 
10.63 	 0.7127946 
10.64 	 0.7896069 
10.65 	 0.8277678 
10.66 	 0.8088345 
10.67 	 0.7219179 
10.68 	 0.5682933 
10.69 	 0.3614985 
10.7 	 0.123606 
10.71 	 -0.1210554 
10.72 	 -0.3512961 
10.73 	 -0.5521068 
10.74 	 -0.7159338 
10.75 	 -0.8422866 
10.76 	 -0.9356778 
10.77 	 -1.0022877 
10.78 	 -1.0465308 
10.79 	 -1.0687995 
10.8 	 -1.0635021 
10.81 	 -1.0199457 
10.82 	 -0.9266526 
10.83 	 -0.777933 
10.84 	 -0.5783976 
10.85 	 -0.3427614 
10.86 	 -0.0943722 
10.87 	 0.1372419 
10.88 	 0.3182364 
10.89 	 0.413982 
10.9 	 0.3978936 
10.91 	 0.2616327 
10.92 	 0.020601 
10.93 	 -0.2895912 
10.94 	 -0.6235236 
10.95 	 -0.9385227 
10.96 	 -1.2040794 
10.97 	 -1.4048901 
10.98 	 -1.5393852 
10.99 	 -1.6162956 
11.0 	 -1.6486686 
11.01 	 -1.6487667 
11.02 	 -1.6233588 
11.03 	 -1.5718563 
11.04 	 -1.4878827 
11.05 	 -1.3628052 
11.06 	 -1.1907378 
11.07 	 -0.9716805 
11.08 	 -0.7133832 
11.09 	 -0.429678 
11.1 	 -0.1384191 
11.11 	 0.1406754 
11.12 	 0.3877893 
11.13 	 0.5845779 
11.14 	 0.7163262 
11.15 	 0.7750881 
11.16 	 0.7624332 
11.17 	 0.6908202 
11.18 	 0.5814387 
11.19 	 0.4585194 
11.2 	 0.3426633 
11.21 	 0.2439747 
11.22 	 0.161865 
11.23 	 0.0881919 
11.24 	 0.0141264 
11.25 	 -0.0643536 
11.26 	 -0.1449918 
11.27 	 -0.2208231 
11.28 	 -0.2827242 
11.29 	 -0.3214737 
11.3 	 -0.3290274 
11.31 	 -0.2999898 
11.32 	 -0.2323008 
11.33 	 -0.1262547 
11.34 	 0.0149112 
11.35 	 0.1847223 
11.36 	 0.3715047 
11.37 	 0.5573061 
11.38 	 0.7188768 
11.39 	 0.8321823 
11.4 	 0.8768178 
11.41 	 0.8410113 
11.42 	 0.7251552 
11.43 	 0.5432778 
11.44 	 0.3214737 
11.45 	 0.0920178 
11.46 	 -0.1135998 
11.47 	 -0.2723256 
11.48 	 -0.3731724 
11.49 	 -0.4167288 
11.5 	 -0.4115295 
11.51 	 -0.3704256 
11.52 	 -0.3062682 
11.53 	 -0.2306331 
11.54 	 -0.1526436 
11.55 	 -0.0799515 
11.56 	 -0.0184428 
11.57 	 0.0276642 
11.58 	 0.0562113 
11.59 	 0.0671985 
11.6 	 0.0631764 
11.61 	 0.0483633 
11.62 	 0.0283509 
11.63 	 0.0087309 
11.64 	 -0.0047088 
11.65 	 -0.0064746 
11.66 	 0.0084366 
11.67 	 0.0443412 
11.68 	 0.1038879 
11.69 	 0.1875672 
11.7 	 0.2935152 
11.71 	 0.4193775 
11.72 	 0.5622111 
11.73 	 0.7176996 
11.74 	 0.8792703 
11.75 	 1.0368189 
11.76 	 1.178181 
11.77 	 1.2914865 
11.78 	 1.3690836 
11.79 	 1.4085198 
11.8 	 1.4130324 
11.81 	 1.3899789 
11.82 	 1.3475997 
11.83 	 1.2923694 
11.84 	 1.2266424 
11.85 	 1.1484567 
11.86 	 1.0537902 
11.87 	 0.940779 
11.88 	 0.8124642 
11.89 	 0.6777729 
11.9 	 0.5484771 
11.91 	 0.4340925 
11.92 	 0.3376602 
11.93 	 0.2545695 
11.94 	 0.1757952 
11.95 	 0.0930969 
11.96 	 0.0020601 
11.97 	 -0.0969228 
11.98 	 -0.2009088 
11.99 	 -0.3064644 
12.0 	 -0.4106466 
12.01 	 -0.5106105 
12.02 	 -0.6040998 
12.03 	 -0.6899373 
12.04 	 -0.7693983 
12.05 	 -0.8454258 
12.06 	 -0.9215514 
12.07 	 -0.999639 
12.08 	 -1.0795905 
12.09 	 -1.1591496 
12.1 	 -1.2347847 
12.11 	 -1.3034547 
12.12 	 -1.3624128 
12.13 	 -1.4104818 
12.14 	 -1.4465826 
12.15 	 -1.4698323 
12.16 	 -1.4780727 
12.17 	 -1.4684589 
12.18 	 -1.4377536 
12.19 	 -1.38321 
12.2 	 -1.3039452 
12.21 	 -1.2020193 
12.22 	 -1.0828278 
12.23 	 -0.9538263 
12.24 	 -0.8236476 
12.25 	 -0.7006302 
12.26 	 -0.5907582 
12.27 	 -0.4960917 
12.28 	 -0.4130991 
12.29 	 -0.3343248 
12.3 	 -0.251136 
12.31 	 -0.15696 
12.32 	 -0.0508158 
12.33 	 0.062784 
12.34 	 0.1758933 
12.35 	 0.2796831 
12.36 	 0.368856 
12.37 	 0.4435101 
12.38 	 0.5096295 
12.39 	 0.5774166 
12.4 	 0.6579567 
12.41 	 0.7591959 
12.42 	 0.883881 
12.43 	 1.0286766 
12.44 	 1.185048 
12.45 	 1.3402422 
12.46 	 1.4792499 
12.47 	 1.5866694 
12.48 	 1.6471971 
12.49 	 1.6469028 
12.5 	 1.5738183 
12.51 	 1.4205861 
12.52 	 1.1892663 
12.53 	 0.8940834 
12.54 	 0.5607396 
12.55 	 0.2205288 
12.56 	 -0.0963342 
12.57 	 -0.365913 
12.58 	 -0.5744736 
12.59 	 -0.7191711 
12.6 	 -0.8047143 
12.61 	 -0.8383626 
12.62 	 -0.8247267 
12.63 	 -0.7637085 
12.64 	 -0.6527574 
12.65 	 -0.4920696 
12.66 	 -0.2891007 
12.67 	 -0.0605277 
12.68 	 0.168732 
12.69 	 0.3697389 
12.7 	 0.515025 
12.71 	 0.5839893 
12.72 	 0.5667237 
12.73 	 0.4658769 
12.74 	 0.2959677 
12.75 	 0.0807363 
12.76 	 -0.1518588 
12.77 	 -0.3750363 
12.78 	 -0.5676066 
12.79 	 -0.7166205 
12.8 	 -0.8179578 
12.81 	 -0.8751501 
12.82 	 -0.8952606 
12.83 	 -0.8830962 
12.84 	 -0.8386569 
12.85 	 -0.7590978 
12.86 	 -0.6420645 
12.87 	 -0.489519 
12.88 	 -0.3091131 
12.89 	 -0.1139922 
12.9 	 0.079461 
12.91 	 0.2534904 
12.92 	 0.3918114 
12.93 	 0.4817691 
12.94 	 0.5164965 
12.95 	 0.4968765 
12.96 	 0.4322286 
12.97 	 0.3389355 
12.98 	 0.2362248 
12.99 	 0.1413621 
13.0 	 0.0653346 
13.01 	 0.0120663 
13.02 	 -0.020601 
13.03 	 -0.0387495 
13.04 	 -0.0498348 
13.05 	 -0.0604296 
13.06 	 -0.0744579 
13.07 	 -0.0934893 
13.08 	 -0.1165428 
13.09 	 -0.1408716 
13.1 	 -0.1625517 
13.11 	 -0.1768743 
13.12 	 -0.1797192 
13.13 	 -0.1688301 
13.14 	 -0.1450899 
13.15 	 -0.1122264 
13.16 	 -0.0758313 
13.17 	 -0.0413982 
13.18 	 -0.0128511 
13.19 	 0.0079461 
13.2 	 0.0208953 
13.21 	 0.0263889 
13.22 	 0.0243288 
13.23 	 0.0142245 
13.24 	 -0.0050031 
13.25 	 -0.0337464 
13.26 	 -0.0705339 
13.27 	 -0.1116378 
13.28 	 -0.151074 
13.29 	 -0.1820736 
13.3 	 -0.1973772 
13.31 	 -0.1901178 
13.32 	 -0.1548999 
13.33 	 -0.0888786 
13.34 	 0.0082404 
13.35 	 0.1331217 
13.36 	 0.2799774 
13.37 	 0.4399785 
13.38 	 0.6019416 
13.39 	 0.7525251 
13.4 	 0.8766216 
13.41 	 0.9592218 
13.42 	 0.986886 
13.43 	 0.9503928 
13.44 	 0.8469954 
13.45 	 0.6833646 
13.46 	 0.4751964 
13.47 	 0.2441709 
13.48 	 0.0136359 
13.49 	 -0.195219 
13.5 	 -0.3662073 
13.51 	 -0.4909905 
13.52 	 -0.5687838 
13.53 	 -0.606258 
13.54 	 -0.614106 
13.55 	 -0.6034131 
13.56 	 -0.5834007 
13.57 	 -0.560151 
13.58 	 -0.537588 
13.59 	 -0.5183604 
13.6 	 -0.5048226 
13.61 	 -0.4986423 
13.62 	 -0.5009967 
13.63 	 -0.511101 
13.64 	 -0.5260122 
13.65 	 -0.5406291 
13.66 	 -0.5486733 
13.67 	 -0.5435721 
13.68 	 -0.5198319 
13.69 	 -0.4742154 
13.7 	 -0.4060359 
13.71 	 -0.3176478 
13.72 	 -0.2137599 
13.73 	 -0.1004544 
13.74 	 0.0150093 
13.75 	 0.1251756 
13.76 	 0.2239623 
13.77 	 0.3077397 
13.78 	 0.3769002 
13.79 	 0.4352697 
13.8 	 0.488538 
13.81 	 0.5417082 
13.82 	 0.5980176 
13.83 	 0.6574662 
13.84 	 0.7182882 
13.85 	 0.7780311 
13.86 	 0.8345367 
13.87 	 0.8860392 
13.88 	 0.9304785 
13.89 	 0.9660888 
13.9 	 0.9899271 
13.91 	 0.9973827 
13.92 	 0.9821772 
13.93 	 0.9374436 
13.94 	 0.8600427 
13.95 	 0.7544871 
13.96 	 0.6334317 
13.97 	 0.5142402 
13.98 	 0.4134915 
13.99 	 0.3419766 
14.0 	 0.30411 
14.01 	 0.2979297 
14.02 	 0.317844 
14.03 	 0.3559068 
14.04 	 0.4025043 
14.05 	 0.4468455 
14.06 	 0.4773546 
14.07 	 0.4820634 
14.08 	 0.4513581 
14.09 	 0.3804318 
14.1 	 0.2715408 
14.11 	 0.1333179 
14.12 	 -0.0207972 
14.13 	 -0.1756971 
14.14 	 -0.3180402 
14.15 	 -0.4376241 
14.16 	 -0.5284647 
14.17 	 -0.5886981 
14.18 	 -0.6193053 
14.19 	 -0.6230331 
14.2 	 -0.6034131 
14.21 	 -0.5651541 
14.22 	 -0.5151231 
14.23 	 -0.462051 
14.24 	 -0.4158459 
14.25 	 -0.3858273 
14.26 	 -0.3789603 
14.27 	 -0.3990708 
14.28 	 -0.4452759 
14.29 	 -0.5117877 
14.3 	 -0.5889924 
14.31 	 -0.665118 
14.32 	 -0.7291773 
14.33 	 -0.7729299 
14.34 	 -0.7908822 
14.35 	 -0.7783254 
14.36 	 -0.7301583 
14.37 	 -0.6410835 
14.38 	 -0.5080599 
14.39 	 -0.3318723 
14.4 	 -0.118701 
14.41 	 0.1214478 
14.42 	 0.3764097 
14.43 	 0.6343146 
14.44 	 0.8833905 
14.45 	 1.1119635 
14.46 	 1.307673 
14.47 	 1.4588451 
14.48 	 1.555866 
14.49 	 1.5932421 
14.5 	 1.5707772 
14.51 	 1.4936706 
14.52 	 1.3716342 
14.53 	 1.2182058 
14.54 	 1.0482966 
14.55 	 0.8755425 
14.56 	 0.7098516 
14.57 	 0.5568156 
14.58 	 0.4181022 
14.59 	 0.292338 
14.6 	 0.1763838 
14.61 	 0.0664137 
14.62 	 -0.0406134 
14.63 	 -0.1454823 
14.64 	 -0.2454462 
14.65 	 -0.3354039 
14.66 	 -0.4087827 
14.67 	 -0.4599909 
14.68 	 -0.485595 
14.69 	 -0.4847121 
14.7 	 -0.459108 
14.71 	 -0.4133934 
14.72 	 -0.3543372 
14.73 	 -0.2906703 
14.74 	 -0.2312217 
14.75 	 -0.183447 
14.76 	 -0.1526436 
14.77 	 -0.1418526 
14.78 	 -0.1527417 
14.79 	 -0.1857033 
14.8 	 -0.2388735 
14.81 	 -0.3064644 
14.82 	 -0.3794508 
14.83 	 -0.4481208 
14.84 	 -0.5044302 
14.85 	 -0.5437683 
14.86 	 -0.5656446 
14.87 	 -0.572904 
14.88 	 -0.5704515 
14.89 	 -0.5637807 
14.9 	 -0.5568156 
14.91 	 -0.5516163 
14.92 	 -0.5475942 
14.93 	 -0.5422968 
14.94 	 -0.5318982 
14.95 	 -0.5131611 
14.96 	 -0.4840254 
14.97 	 -0.4449816 
14.98 	 -0.3993651 
14.99 	 -0.3525714 
15.0 	 -0.3108789 
15.01 	 -0.2803698 
15.02 	 -0.2653605 
15.03 	 -0.2671263 
15.04 	 -0.2841957 
15.05 	 -0.3123504 
15.06 	 -0.3457044 
15.07 	 -0.3777831 
15.08 	 -0.4029948 
15.09 	 -0.4163364 
15.1 	 -0.4145706 
15.11 	 -0.3955392 
15.12 	 -0.3592422 
15.13 	 -0.3075435 
15.14 	 -0.2447595 
15.15 	 -0.1768743 
15.16 	 -0.1109511 
15.17 	 -0.0535626 
15.18 	 -0.0100062 
15.19 	 0.0162846 
15.2 	 0.0240345 
15.21 	 0.0138321 
15.22 	 -0.0116739 
15.23 	 -0.0482652 
15.24 	 -0.0913311 
15.25 	 -0.1366533 
15.26 	 -0.1811907 
15.27 	 -0.2235699 
15.28 	 -0.2635947 
15.29 	 -0.3014613 
15.3 	 -0.3362868 
15.31 	 -0.3654225 
15.32 	 -0.3842577 
15.33 	 -0.3872988 
15.34 	 -0.3687579 
15.35 	 -0.3245148 
15.36 	 -0.2529999 
15.37 	 -0.1560771 
15.38 	 -0.03924 
15.39 	 0.0886824 
15.4 	 0.2163105 
15.41 	 0.3318723 
15.42 	 0.4245768 
15.43 	 0.4870665 
15.44 	 0.5162022 
15.45 	 0.5131611 
15.46 	 0.481671 
15.47 	 0.4276179 
15.48 	 0.3569859 
15.49 	 0.2751705 
15.5 	 0.1864881 
15.51 	 0.0943722 
15.52 	 0.0027468 
15.53 	 -0.0840717 
15.54 	 -0.1614726 
15.55 	 -0.2252376 
15.56 	 -0.2730123 
15.57 	 -0.3047967 
15.58 	 -0.3232395 
15.59 	 -0.3324609 
15.6 	 -0.3369735 
15.61 	 -0.3402108 
15.62 	 -0.3440367 
15.63 	 -0.3477645 
15.64 	 -0.3486474 
15.65 	 -0.341388 
15.66 	 -0.3194136 
15.67 	 -0.2774268 
15.68 	 -0.2135637 
15.69 	 -0.1316502 
15.7 	 -0.0404172 
15.71 	 0.0498348 
15.72 	 0.130473 
15.73 	 0.1965924 
15.74 	 0.2478987 
15.75 	 0.2872368 
15.76 	 0.3187269 
15.77 	 0.3459006 
15.78 	 0.3709161 
15.79 	 0.3937734 
15.8 	 0.4127067 
15.81 	 0.4244787 
15.82 	 0.4256559 
15.83 	 0.4132953 
15.84 	 0.3858273 
15.85 	 0.3436443 
15.86 	 0.2892969 
15.87 	 0.2277882 
15.88 	 0.1655928 
15.89 	 0.1097739 
15.9 	 0.0669042 
15.91 	 0.0410058 
15.92 	 0.0335502 
15.93 	 0.0423792 
15.94 	 0.0632745 
15.95 	 0.0907425 
15.96 	 0.1197801 
15.97 	 0.1460709 
15.98 	 0.1668681 
15.99 	 0.1806021 
16.0 	 0.1868805 
16.01 	 0.1859976 
16.02 	 0.1790325 
16.03 	 0.1681434 
16.04 	 0.1564695 
16.05 	 0.1479348 
16.06 	 0.1465614 
16.07 	 0.1553904 
16.08 	 0.1758933 
16.09 	 0.2068929 
16.1 	 0.24525 
16.11 	 0.2855691 
16.12 	 0.3216699 
16.13 	 0.3470778 
16.14 	 0.3565935 
16.15 	 0.3474702 
16.16 	 0.3193155 
16.17 	 0.2745819 
16.18 	 0.2180763 
16.19 	 0.1564695 
16.2 	 0.0969228 
16.21 	 0.045126 
16.22 	 0.0040221 
16.23 	 -0.0260946 
16.24 	 -0.0467937 
16.25 	 -0.059841 
16.26 	 -0.065727 
16.27 	 -0.0644517 
16.28 	 -0.0551322 
16.29 	 -0.0378666 
16.3 	 -0.0132435 
16.31 	 0.0165789 
16.32 	 0.0488538 
16.33 	 0.0805401 
16.34 	 0.109872 
16.35 	 0.1368495 
16.36 	 0.1633365 
16.37 	 0.1917855 
16.38 	 0.2243547 
16.39 	 0.2605536 
16.4 	 0.2969487 
16.41 	 0.3278502 
16.42 	 0.3470778 
16.43 	 0.3496284 
16.44 	 0.3332457 
16.45 	 0.2984202 
16.46 	 0.2479968 
16.47 	 0.1858995 
16.48 	 0.1169352 
16.49 	 0.0462051 
16.5 	 -0.0209934 
16.51 	 -0.0800496 
16.52 	 -0.126549 
16.53 	 -0.1578429 
16.54 	 -0.1725579 
16.55 	 -0.1709883 
16.56 	 -0.1541151 
16.57 	 -0.122625 
16.58 	 -0.0767142 
16.59 	 -0.0169713 
16.6 	 0.0541512 
16.61 	 0.1316502 
16.62 	 0.2086587 
16.63 	 0.2773287 
16.64 	 0.3310875 
16.65 	 0.3653244 
16.66 	 0.3779793 
16.67 	 0.3704256 
16.68 	 0.3463911 
16.69 	 0.3113694 
16.7 	 0.2709522 
16.71 	 0.2298483 
16.72 	 0.1913931 
16.73 	 0.15696 
16.74 	 0.1268433 
16.75 	 0.1004544 
16.76 	 0.0769104 
16.77 	 0.0550341 
16.78 	 0.0334521 
16.79 	 0.0111834 
16.8 	 -0.0120663 
16.81 	 -0.035316 
16.82 	 -0.0567999 
16.83 	 -0.0741636 
16.84 	 -0.0856413 
16.85 	 -0.0904482 
16.86 	 -0.0891729 
16.87 	 -0.0838755 
16.88 	 -0.0766161 
16.89 	 -0.0691605 
16.9 	 -0.0617049 
16.91 	 -0.0534645 
16.92 	 -0.0433602 
16.93 	 -0.0305091 
16.94 	 -0.0155979 
16.95 	 0.0001962 
16.96 	 0.014715 
16.97 	 0.025506 
16.98 	 0.0298224 
16.99 	 0.0254079 
17.0 	 0.0111834 
17.01 	 -0.012753 
17.02 	 -0.0454203 
17.03 	 -0.0852489 
17.04 	 -0.1306692 
17.05 	 -0.1796211 
17.06 	 -0.2299464 
17.07 	 -0.2793888 
17.08 	 -0.3259863 
17.09 	 -0.3679731 
17.1 	 -0.404172 
17.11 	 -0.4332096 
17.12 	 -0.4537125 
17.13 	 -0.4643073 
17.14 	 -0.4639149 
17.15 	 -0.4519467 
17.16 	 -0.4285989 
17.17 	 -0.3946563 
17.18 	 -0.3517866 
17.19 	 -0.3022461 
17.2 	 -0.2490759 
17.21 	 -0.1956114 
17.22 	 -0.1454823 
17.23 	 -0.1021221 
17.24 	 -0.0685719 
17.25 	 -0.0465975 
17.26 	 -0.0361989 
17.27 	 -0.0356103 
17.28 	 -0.0416925 
17.29 	 -0.0506196 
17.3 	 -0.0587619 
17.31 	 -0.0635688 
17.32 	 -0.0648441 
17.33 	 -0.0644517 
17.34 	 -0.0655308 
17.35 	 -0.0718092 
17.36 	 -0.0858375 
17.37 	 -0.108891 
17.38 	 -0.1406754 
17.39 	 -0.1792287 
17.4 	 -0.2220984 
17.41 	 -0.2663415 
17.42 	 -0.3093093 
17.43 	 -0.3491379 
17.44 	 -0.3846501 
17.45 	 -0.4157478 
17.46 	 -0.4426272 
17.47 	 -0.4653864 
17.48 	 -0.4838292 
17.49 	 -0.4965822 
17.5 	 -0.5016834 
17.51 	 -0.4970727 
17.52 	 -0.4812786 
17.53 	 -0.4544973 
17.54 	 -0.4182984 
17.55 	 -0.3754287 
17.56 	 -0.3288312 
17.57 	 -0.2808603 
17.58 	 -0.2326932 
17.59 	 -0.1845261 
17.6 	 -0.1361628 
17.61 	 -0.0874071 
17.62 	 -0.0390438 
17.63 	 0.0074556 
17.64 	 0.0503253 
17.65 	 0.0877014 
17.66 	 0.118701 
17.67 	 0.1426374 
17.68 	 0.1600011 
17.69 	 0.1717731 
17.7 	 0.1790325 
17.71 	 0.1835451 
17.72 	 0.1869786 
17.73 	 0.1914912 
17.74 	 0.1997316 
17.75 	 0.2149371 
17.76 	 0.2397564 
17.77 	 0.2761515 
17.78 	 0.3235338 
17.79 	 0.3788622 
17.8 	 0.4369374 
17.81 	 0.4916772 
17.82 	 0.5367051 
17.83 	 0.5665275 
17.84 	 0.5774166 
17.85 	 0.5677047 
17.86 	 0.5380785 
17.87 	 0.4918734 
17.88 	 0.4343868 
17.89 	 0.3722895 
17.9 	 0.3123504 
17.91 	 0.2597688 
17.92 	 0.2179782 
17.93 	 0.187371 
17.94 	 0.1661814 
17.95 	 0.1511721 
17.96 	 0.1387134 
17.97 	 0.1250775 
17.98 	 0.1075176 
17.99 	 0.0837774 
18.0 	 0.052974 
18.01 	 0.0153036 
18.02 	 -0.0279585 
18.03 	 -0.0750465 
18.04 	 -0.1241946 
18.05 	 -0.1741275 
18.06 	 -0.2237661 
18.07 	 -0.2715408 
18.08 	 -0.3149991 
18.09 	 -0.3507075 
18.1 	 -0.3746439 
18.11 	 -0.3826881 
18.12 	 -0.3719952 
18.13 	 -0.3416823 
18.14 	 -0.2937114 
18.15 	 -0.2326932 
18.16 	 -0.1647099 
18.17 	 -0.0964323 
18.18 	 -0.0345312 
18.19 	 0.0146169 
18.2 	 0.046107 
18.21 	 0.056898 
18.22 	 0.0468918 
18.23 	 0.0190314 
18.24 	 -0.0209934 
18.25 	 -0.0660213 
18.26 	 -0.1087929 
18.27 	 -0.1425393 
18.28 	 -0.1620612 
18.29 	 -0.1640232 
18.3 	 -0.14715 
18.31 	 -0.1123245 
18.32 	 -0.0626859 
18.33 	 -0.0035316 
18.34 	 0.0582714 
18.35 	 0.1155618 
18.36 	 0.1620612 
18.37 	 0.1939437 
18.38 	 0.2098359 
18.39 	 0.2110131 
18.4 	 0.2004183 
18.41 	 0.1821717 
18.42 	 0.1607859 
18.43 	 0.1403811 
18.44 	 0.1239984 
18.45 	 0.1136979 
18.46 	 0.1104606 
18.47 	 0.1143846 
18.48 	 0.124587 
18.49 	 0.139302 
18.5 	 0.1557828 
18.51 	 0.1711845 
18.52 	 0.1822698 
18.53 	 0.18639 
18.54 	 0.1810926 
18.55 	 0.1647099 
18.56 	 0.1364571 
18.57 	 0.0963342 
18.58 	 0.0456165 
18.59 	 -0.012753 
18.6 	 -0.0741636 
18.61 	 -0.1329255 
18.62 	 -0.183447 
18.63 	 -0.2211174 
18.64 	 -0.2437785 
18.65 	 -0.2522151 
18.66 	 -0.2490759 
18.67 	 -0.2376963 
18.68 	 -0.2213136 
18.69 	 -0.2018898 
18.7 	 -0.1807983 
18.71 	 -0.1582353 
18.72 	 -0.1341027 
18.73 	 -0.1084986 
18.74 	 -0.0816192 
18.75 	 -0.0544455 
18.76 	 -0.028449 
18.77 	 -0.0053955 
18.78 	 0.0124587 
18.79 	 0.0234459 
18.8 	 0.0261927 
18.81 	 0.0204048 
18.82 	 0.0067689 
18.83 	 -0.012753 
18.84 	 -0.0356103 
18.85 	 -0.0582714 
18.86 	 -0.0766161 
18.87 	 -0.0867204 
18.88 	 -0.0854451 
18.89 	 -0.0714168 
18.9 	 -0.0453222 
18.91 	 -0.0096138 
18.92 	 0.0321768 
18.93 	 0.0766161 
18.94 	 0.1203687 
18.95 	 0.1606878 
18.96 	 0.1947285 
18.97 	 0.219744 
18.98 	 0.2326932 
18.99 	 0.2310255 
19.0 	 0.2133675 
19.01 	 0.1794249 
19.02 	 0.1306692 
19.03 	 0.0695529 
19.04 	 -0.0005886 
19.05 	 -0.0764199 
19.06 	 -0.1539189 
19.07 	 -0.2289654 
19.08 	 -0.2969487 
19.09 	 -0.3535524 
19.1 	 -0.3947544 
19.11 	 -0.4174155 
19.12 	 -0.4197699 
19.13 	 -0.40221 
19.14 	 -0.3670902 
19.15 	 -0.3189231 
19.16 	 -0.2634966 
19.17 	 -0.2078739 
19.18 	 -0.1588239 
19.19 	 -0.1227231 
19.2 	 -0.1037898 
19.21 	 -0.1034955 
19.22 	 -0.119682 
19.23 	 -0.1467576 
19.24 	 -0.1779534 
19.25 	 -0.2059119 
19.26 	 -0.2254338 
19.27 	 -0.2338704 
19.28 	 -0.2314179 
19.29 	 -0.2208231 
19.3 	 -0.2063043 
19.31 	 -0.1917855 
19.32 	 -0.1800135 
19.33 	 -0.1710864 
19.34 	 -0.1626498 
19.35 	 -0.1503873 
19.36 	 -0.1290996 
19.37 	 -0.0943722 
19.38 	 -0.0438507 
19.39 	 0.0221706 
19.4 	 0.0998658 
19.41 	 0.183447 
19.42 	 0.2654586 
19.43 	 0.3391317 
19.44 	 0.3987765 
19.45 	 0.440469 
19.46 	 0.4619529 
19.47 	 0.4623453 
19.48 	 0.442431 
19.49 	 0.405153 
19.5 	 0.3547296 
19.51 	 0.2970468 
19.52 	 0.2381868 
19.53 	 0.1840356 
19.54 	 0.1394001 
19.55 	 0.1084005 
19.56 	 0.0934893 
19.57 	 0.0953532 
19.58 	 0.111834 
19.59 	 0.1386153 
19.6 	 0.1694187 
19.61 	 0.1978677 
19.62 	 0.2188611 
19.63 	 0.2286711 
19.64 	 0.2258262 
19.65 	 0.2108169 
19.66 	 0.1855071 
19.67 	 0.1529379 
19.68 	 0.1158561 
19.69 	 0.0767142 
19.7 	 0.0375723 
19.71 	 -0.0002943 
19.72 	 -0.0358065 
19.73 	 -0.0678852 
19.74 	 -0.095157 
19.75 	 -0.1162485 
19.76 	 -0.1300806 
19.77 	 -0.1356723 
19.78 	 -0.1326312 
19.79 	 -0.1210554 
19.8 	 -0.1015335 
19.81 	 -0.0757332 
19.82 	 -0.0463032 
19.83 	 -0.0169713 
19.84 	 0.0075537 
19.85 	 0.0217782 
19.86 	 0.0207972 
19.87 	 0.0012753 
19.88 	 -0.0384552 
19.89 	 -0.0970209 
19.9 	 -0.1708902 
19.91 	 -0.2537847 
19.92 	 -0.3382488 
19.93 	 -0.416925 
19.94 	 -0.4843197 
19.95 	 -0.5370975 
19.96 	 -0.5741793 
19.97 	 -0.5957613 
19.98 	 -0.6025302 
19.99 	 -0.594486 
20.0 	 -0.5703534 
20.01 	 -0.5285628 
20.02 	 -0.4685256 
20.03 	 -0.3926943 
20.04 	 -0.3071511 
20.05 	 -0.2205288 
20.06 	 -0.1414602 
20.07 	 -0.0769104 
20.08 	 -0.0301167 
20.09 	 -0.0005886 
20.1 	 0.0144207 
20.11 	 0.0191295 
20.12 	 0.0180504 
20.13 	 0.0151074 
20.14 	 0.0140283 
20.15 	 0.0185409 
20.16 	 0.0316863 
20.17 	 0.0550341 
20.18 	 0.0886824 
20.19 	 0.1302768 
20.2 	 0.1762857 
20.21 	 0.2222946 
20.22 	 0.2637909 
20.23 	 0.2969487 
20.24 	 0.3190212 
20.25 	 0.328635 
20.26 	 0.3259863 
20.27 	 0.3123504 
20.28 	 0.2900817 
20.29 	 0.2621232 
20.3 	 0.2322027 
20.31 	 0.2047347 
20.32 	 0.1841337 
20.33 	 0.1747161 
20.34 	 0.1799154 
20.35 	 0.2012031 
20.36 	 0.2375982 
20.37 	 0.2856672 
20.38 	 0.3400146 
20.39 	 0.3951468 
20.4 	 0.4465512 
20.41 	 0.491481 
20.42 	 0.5291514 
20.43 	 0.5602491 
20.44 	 0.5864418 
20.45 	 0.6094953 
20.46 	 0.6299982 
20.47 	 0.6475581 
20.48 	 0.660213 
20.49 	 0.6654123 
20.5 	 0.6603111 
20.51 	 0.6429474 
20.52 	 0.612144 
20.53 	 0.5675085 
20.54 	 0.5099238 
20.55 	 0.4408614 
20.56 	 0.3628719 
20.57 	 0.2793888 
20.58 	 0.1940418 
20.59 	 0.1102644 
20.6 	 0.0309015 
20.61 	 -0.0419868 
20.62 	 -0.106929 
20.63 	 -0.1630422 
20.64 	 -0.2102283 
20.65 	 -0.2489778 
20.66 	 -0.2802717 
20.67 	 -0.305091 
20.68 	 -0.3244167 
20.69 	 -0.3385431 
20.7 	 -0.3478626 
20.71 	 -0.3520809 
20.72 	 -0.3512961 
20.73 	 -0.3457044 
20.74 	 -0.3351096 
20.75 	 -0.3200022 
20.76 	 -0.3006765 
20.77 	 -0.2772306 
20.78 	 -0.2497626 
20.79 	 -0.217782 
20.8 	 -0.180504 
20.81 	 -0.1369476 
20.82 	 -0.0869166 
20.83 	 -0.0310977 
20.84 	 0.0278604 
20.85 	 0.0861318 
20.86 	 0.139302 
20.87 	 0.1829565 
20.88 	 0.2133675 
20.89 	 0.2282787 
20.9 	 0.2269053 
20.91 	 0.2104245 
20.92 	 0.1812888 
20.93 	 0.1433241 
20.94 	 0.1007487 
20.95 	 0.0571923 
20.96 	 0.0157941 
20.97 	 -0.0217782 
20.98 	 -0.0550341 
20.99 	 -0.084366 
21.0 	 -0.1109511 
21.01 	 -0.1360647 
21.02 	 -0.1602954 
21.03 	 -0.1830546 
21.04 	 -0.2027727 
21.05 	 -0.2168991 
21.06 	 -0.2222946 
21.07 	 -0.2164086 
21.08 	 -0.1978677 
21.09 	 -0.1672605 
21.1 	 -0.1270395 
21.11 	 -0.0812268 
21.12 	 -0.0341388 
21.13 	 0.0103005 
21.14 	 0.0489519 
21.15 	 0.0793629 
21.16 	 0.1002582 
21.17 	 0.1113435 
21.18 	 0.1129131 
21.19 	 0.1060461 
21.2 	 0.092214 
21.21 	 0.0729864 
21.22 	 0.0503253 
21.23 	 0.0263889 
21.24 	 0.003924 
21.25 	 -0.0152055 
21.26 	 -0.0297243 
21.27 	 -0.0401229 
21.28 	 -0.0478728 
21.29 	 -0.0550341 
21.3 	 -0.0636669 
21.31 	 -0.0747522 
21.32 	 -0.0881919 
21.33 	 -0.103005 
21.34 	 -0.1176219 
21.35 	 -0.1298844 
21.36 	 -0.1379286 
21.37 	 -0.1406754 
21.38 	 -0.138321 
21.39 	 -0.1321407 
21.4 	 -0.1243908 
21.41 	 -0.1176219 
21.42 	 -0.1141884 
21.43 	 -0.1161504 
21.44 	 -0.1248813 
21.45 	 -0.1404792 
21.46 	 -0.1619631 
21.47 	 -0.1875672 
21.48 	 -0.2150352 
21.49 	 -0.242307 
21.5 	 -0.2680092 
21.51 	 -0.2911608 
21.52 	 -0.3117618 
21.53 	 -0.3298122 
21.54 	 -0.3457044 
21.55 	 -0.3597327 
21.56 	 -0.3721914 
21.57 	 -0.3830805 
21.58 	 -0.3924981 
21.59 	 -0.4005423 
21.6 	 -0.4069188 
21.61 	 -0.4105485 
21.62 	 -0.4091751 
21.63 	 -0.4003461 
21.64 	 -0.3815109 
21.65 	 -0.3513942 
21.66 	 -0.3103884 
21.67 	 -0.2608479 
21.68 	 -0.20601 
21.69 	 -0.1498968 
21.7 	 -0.096138 
21.71 	 -0.0468918 
21.72 	 -0.0036297 
21.73 	 0.0332559 
21.74 	 0.0632745 
21.75 	 0.0861318 
21.76 	 0.1016316 
21.77 	 0.1092834 
21.78 	 0.1093815 
21.79 	 0.1028088 
21.8 	 0.0916254 
21.81 	 0.07848 
21.82 	 0.0664137 
21.83 	 0.057879 
21.84 	 0.0544455 
21.85 	 0.0567999 
21.86 	 0.0653346 
21.87 	 0.0800496 
21.88 	 0.1008468 
21.89 	 0.1270395 
21.9 	 0.1576467 
21.91 	 0.1913931 
21.92 	 0.2261205 
21.93 	 0.2593764 
21.94 	 0.2881197 
21.95 	 0.309015 
21.96 	 0.3192174 
21.97 	 0.3160782 
21.98 	 0.2987145 
21.99 	 0.2680092 
22.0 	 0.2270034 
22.01 	 0.1803078 
22.02 	 0.133416 
22.03 	 0.0913311 
22.04 	 0.0574866 
22.05 	 0.033354 
22.06 	 0.0181485 
22.07 	 0.0099081 
22.08 	 0.0059841 
22.09 	 0.0035316 
22.1 	 0.0001962 
22.11 	 -0.0057879 
22.12 	 -0.0153036 
22.13 	 -0.0287433 
22.14 	 -0.0454203 
22.15 	 -0.0635688 
22.16 	 -0.0808344 
22.17 	 -0.0946665 
22.18 	 -0.1023183 
22.19 	 -0.1017297 
22.2 	 -0.0910368 
22.21 	 -0.0690624 
22.22 	 -0.0354141 
22.23 	 0.0100062 
22.24 	 0.0659232 
22.25 	 0.1300806 
22.26 	 0.1983582 
22.27 	 0.2656548 
22.28 	 0.326673 
22.29 	 0.376704 
22.3 	 0.4121181 
22.31 	 0.4307571 
22.32 	 0.4317381 
22.33 	 0.4156497 
22.34 	 0.3846501 
22.35 	 0.3425652 
22.36 	 0.2954772 
22.37 	 0.2506455 
22.38 	 0.2155257 
22.39 	 0.1965924 
22.4 	 0.1973772 
22.41 	 0.2180763 
22.42 	 0.2547657 
22.43 	 0.3003822 
22.44 	 0.346293 
22.45 	 0.3841596 
22.46 	 0.4079979 
22.47 	 0.414963 
22.48 	 0.4055454 
22.49 	 0.3830805 
22.5 	 0.3528657 
22.51 	 0.3199041 
22.52 	 0.2882178 
22.53 	 0.2595726 
22.54 	 0.2337723 
22.55 	 0.2094435 
22.56 	 0.1851147 
22.57 	 0.1590201 
22.58 	 0.1303749 
22.59 	 0.0989829 
22.6 	 0.0653346 
22.61 	 0.0305091 
22.62 	 -0.0044145 
22.63 	 -0.0377685 
22.64 	 -0.067689 
22.65 	 -0.0923121 
22.66 	 -0.1104606 
22.67 	 -0.1219383 
22.68 	 -0.1276281 
22.69 	 -0.1297863 
22.7 	 -0.1310616 
22.71 	 -0.1342008 
22.72 	 -0.1411659 
22.73 	 -0.1527417 
22.74 	 -0.1683396 
22.75 	 -0.1861938 
22.76 	 -0.204048 
22.77 	 -0.2191554 
22.78 	 -0.2288673 
22.79 	 -0.2308293 
22.8 	 -0.2234718 
22.81 	 -0.2062062 
22.82 	 -0.1804059 
22.83 	 -0.1483272 
22.84 	 -0.1135998 
22.85 	 -0.0799515 
22.86 	 -0.0511101 
22.87 	 -0.0297243 
22.88 	 -0.0175599 
22.89 	 -0.0149112 
22.9 	 -0.0209934 
22.91 	 -0.0337464 
22.92 	 -0.0509139 
22.93 	 -0.0699453 
22.94 	 -0.0887805 
22.95 	 -0.1060461 
22.96 	 -0.1210554 
22.97 	 -0.1342008 
22.98 	 -0.1467576 
22.99 	 -0.1604916 
23.0 	 -0.1772667 
23.01 	 -0.1977696 
23.02 	 -0.2214117 
23.03 	 -0.2466234 
23.04 	 -0.2709522 
23.05 	 -0.2919456 
23.06 	 -0.3077397 
23.07 	 -0.3169611 
23.08 	 -0.3193155 
23.09 	 -0.3150972 
23.1 	 -0.3051891 
23.11 	 -0.2911608 
23.12 	 -0.2744838 
23.13 	 -0.2562372 
23.14 	 -0.2372058 
23.15 	 -0.2172915 
23.16 	 -0.1961019 
23.17 	 -0.1727541 
23.18 	 -0.1459728 
23.19 	 -0.1146789 
23.2 	 -0.0782838 
23.21 	 -0.0366894 
23.22 	 0.0095157 
23.23 	 0.0596448 
23.24 	 0.1127169 
23.25 	 0.1676529 
23.26 	 0.222687 
23.27 	 0.2755629 
23.28 	 0.3235338 
23.29 	 0.363951 
23.3 	 0.3949506 
23.31 	 0.4150611 
23.32 	 0.4234977 
23.33 	 0.4202604 
23.34 	 0.4062321 
23.35 	 0.3830805 
23.36 	 0.3525714 
23.37 	 0.3167649 
23.38 	 0.2772306 
23.39 	 0.2350476 
23.4 	 0.1909026 
23.41 	 0.1456785 
23.42 	 0.1003563 
23.43 	 0.0566037 
23.44 	 0.0168732 
23.45 	 -0.0160884 
23.46 	 -0.0394362 
23.47 	 -0.0507177 
23.48 	 -0.0488538 
23.49 	 -0.0352179 
23.5 	 -0.0128511 
23.51 	 0.0138321 
23.52 	 0.0399267 
23.53 	 0.0609201 
23.54 	 0.0732807 
23.55 	 0.0752427 
23.56 	 0.0668061 
23.57 	 0.0494424 
23.58 	 0.025506 
23.59 	 -0.0026487 
23.6 	 -0.0330597 
23.61 	 -0.0642555 
23.62 	 -0.0952551 
23.63 	 -0.1249794 
23.64 	 -0.1534284 
23.65 	 -0.1804059 
23.66 	 -0.2064024 
23.67 	 -0.2320065 
23.68 	 -0.2579049 
23.69 	 -0.2841957 
23.7 	 -0.3102903 
23.71 	 -0.3348153 
23.72 	 -0.3559068 
23.73 	 -0.3716028 
23.74 	 -0.3798432 
23.75 	 -0.3791565 
23.76 	 -0.3683655 
23.77 	 -0.3474702 
23.78 	 -0.3172554 
23.79 	 -0.2791926 
23.8 	 -0.2353419 
23.81 	 -0.1881558 
23.82 	 -0.1409697 
23.83 	 -0.097119 
23.84 	 -0.0603315 
23.85 	 -0.033354 
23.86 	 -0.0179523 
23.87 	 -0.0138321 
23.88 	 -0.0189333 
23.89 	 -0.0298224 
23.9 	 -0.0422811 
23.91 	 -0.0523854 
23.92 	 -0.0563094 
23.93 	 -0.0516987 
23.94 	 -0.0373761 
23.95 	 -0.0142245 
23.96 	 0.0151074 
23.97 	 0.0467937 
23.98 	 0.076518 
23.99 	 0.1001601 
24.0 	 0.1142865 
24.01 	 0.1172295 
24.02 	 0.1091853 
24.03 	 0.092214 
24.04 	 0.0699453 
24.05 	 0.0474804 
24.06 	 0.030411 
24.07 	 0.0243288 
24.08 	 0.033354 
24.09 	 0.05886 
24.1 	 0.0989829 
24.11 	 0.1487196 
24.12 	 0.201105 
24.13 	 0.2499588 
24.14 	 0.290376 
24.15 	 0.3199041 
24.16 	 0.3380526 
24.17 	 0.3455082 
24.18 	 0.3436443 
24.19 	 0.3341286 
24.2 	 0.3184326 
24.21 	 0.2989107 
24.22 	 0.2778192 
24.23 	 0.258003 
24.24 	 0.2415222 
24.25 	 0.2296521 
24.26 	 0.221706 
24.27 	 0.2155257 
24.28 	 0.2074815 
24.29 	 0.1939437 
24.3 	 0.1718712 
24.31 	 0.1400868 
24.32 	 0.0993753 
24.33 	 0.0522873 
24.34 	 0.0030411 
24.35 	 -0.0439488 
24.36 	 -0.0845622 
24.37 	 -0.1159542 
24.38 	 -0.1369476 
24.39 	 -0.1477386 
24.4 	 -0.1498968 
24.41 	 -0.1457766 
24.42 	 -0.1389096 
24.43 	 -0.132435 
24.44 	 -0.1293939 
24.45 	 -0.131454 
24.46 	 -0.1390077 
24.47 	 -0.1511721 
24.48 	 -0.1660833 
24.49 	 -0.1816812 
24.5 	 -0.1955133 
24.51 	 -0.2051271 
24.52 	 -0.2086587 
24.53 	 -0.2046366 
24.54 	 -0.1928646 
24.55 	 -0.1740294 
24.56 	 -0.1498968 
24.57 	 -0.1230174 
24.58 	 -0.0964323 
24.59 	 -0.0729864 
24.6 	 -0.0551322 
24.61 	 -0.0442431 
24.62 	 -0.0405153 
24.63 	 -0.0424773 
24.64 	 -0.0474804 
24.65 	 -0.0530721 
24.66 	 -0.0574866 
24.67 	 -0.0600372 
24.68 	 -0.0609201 
24.69 	 -0.0611163 
24.7 	 -0.0614106 
24.71 	 -0.0625878 
24.72 	 -0.0655308 
24.73 	 -0.0707301 
24.74 	 -0.0779895 
24.75 	 -0.0862299 
24.76 	 -0.0940779 
24.77 	 -0.0996696 
24.78 	 -0.1019259 
24.79 	 -0.100062 
24.8 	 -0.0938817 
24.81 	 -0.083385 
24.82 	 -0.0690624 
24.83 	 -0.0512082 
24.84 	 -0.0309015 
24.85 	 -0.0091233 
24.86 	 0.0124587 
24.87 	 0.0325692 
24.88 	 0.0496386 
24.89 	 0.0625878 
24.9 	 0.0705339 
24.91 	 0.0729864 
24.92 	 0.069651 
24.93 	 0.0610182 
24.94 	 0.0476766 
24.95 	 0.0309996 
24.96 	 0.012753 
24.97 	 -0.0047088 
24.98 	 -0.0189333 
24.99 	 -0.0280566 
25.0 	 -0.0309015 
25.01 	 -0.0268794 
25.02 	 -0.0159903 
25.03 	 0.0010791 
25.04 	 0.0233478 
25.05 	 0.0484614 
25.06 	 0.0739674 
25.07 	 0.0977076 
25.08 	 0.1182105 
25.09 	 0.1346913 
25.1 	 0.1468557 
25.11 	 0.1548018 
25.12 	 0.1585296 
25.13 	 0.1583334 
25.14 	 0.1547037 
25.15 	 0.1482291 
25.16 	 0.1398906 
25.17 	 0.1302768 
25.18 	 0.1200744 
25.19 	 0.1091853 
25.2 	 0.0976095 
25.21 	 0.0855432 
25.22 	 0.0731826 
25.23 	 0.0609201 
25.24 	 0.04905 
25.25 	 0.0376704 
25.26 	 0.0268794 
25.27 	 0.0171675 
25.28 	 0.0090252 
25.29 	 0.002943 
25.3 	 -0.0008829 
25.31 	 -0.0027468 
25.32 	 -0.0031392 
25.33 	 -0.0031392 
25.34 	 -0.0040221 
25.35 	 -0.0073575 
25.36 	 -0.014715 
25.37 	 -0.0267813 
25.38 	 -0.0437526 
25.39 	 -0.0646479 
25.4 	 -0.0875052 
25.41 	 -0.1096758 
25.42 	 -0.1286091 
25.43 	 -0.1424412 
25.44 	 -0.150093 
25.45 	 -0.1516626 
25.46 	 -0.1483272 
25.47 	 -0.1411659 
25.48 	 -0.1317483 
25.49 	 -0.1211535 
25.5 	 -0.1101663 
25.51 	 -0.0993753 
25.52 	 -0.0890748 
25.53 	 -0.0803439 
25.54 	 -0.0736731 
25.55 	 -0.0693567 
25.56 	 -0.066708 
25.57 	 -0.0645498 
25.58 	 -0.0616068 
25.59 	 -0.0571923 
25.6 	 -0.0511101 
25.61 	 -0.0438507 
25.62 	 -0.0357084 
25.63 	 -0.0273699 
25.64 	 -0.0199143 
25.65 	 -0.0148131 
25.66 	 -0.0141264 
25.67 	 -0.0193257 
25.68 	 -0.0312939 
25.69 	 -0.0495405 
25.7 	 -0.0728883 
25.71 	 -0.0988848 
25.72 	 -0.1251756 
25.73 	 -0.1492101 
25.74 	 -0.1690263 
25.75 	 -0.1830546 
25.76 	 -0.1904121 
25.77 	 -0.1907064 
25.78 	 -0.1842318 
25.79 	 -0.171675 
25.8 	 -0.1545075 
25.81 	 -0.1347894 
25.82 	 -0.1151694 
25.83 	 -0.0980019 
25.84 	 -0.0847584 
25.85 	 -0.0759294 
25.86 	 -0.0707301 
25.87 	 -0.0671985 
25.88 	 -0.0628821 
25.89 	 -0.0554265 
25.9 	 -0.0434583 
25.91 	 -0.0273699 
25.92 	 -0.0086328 
25.93 	 0.0101043 
25.94 	 0.0262908 
25.95 	 0.0376704 
25.96 	 0.0435564 
25.97 	 0.044145 
25.98 	 0.0411039 
25.99 	 0.0368856 
26.0 	 0.0347274 
26.01 	 0.0373761 
26.02 	 0.0469899 
26.03 	 0.0645498 
26.04 	 0.0897615 
26.05 	 0.1209573 
26.06 	 0.155979 
26.07 	 0.1919817 
26.08 	 0.2264148 
26.09 	 0.2568258 
26.1 	 0.2808603 
26.11 	 0.2957715 
26.12 	 0.2997936 
26.13 	 0.2919456 
26.14 	 0.2728161 
26.15 	 0.2447595 
26.16 	 0.2113074 
26.17 	 0.1760895 
26.18 	 0.1427355 
26.19 	 0.1135017 
26.2 	 0.0897615 
26.21 	 0.0714168 
26.22 	 0.0574866 
26.23 	 0.0458127 
26.24 	 0.0345312 
26.25 	 0.0216801 
26.26 	 0.0061803 
26.27 	 -0.0119682 
26.28 	 -0.0321768 
26.29 	 -0.0528759 
26.3 	 -0.0722997 
26.31 	 -0.0884862 
26.32 	 -0.0999639 
26.33 	 -0.1053594 
26.34 	 -0.1036917 
26.35 	 -0.0944703 
26.36 	 -0.0776952 
26.37 	 -0.0545436 
26.38 	 -0.0272718 
26.39 	 0.0012753 
26.4 	 0.0282528 
26.41 	 0.0513063 
26.42 	 0.0692586 
26.43 	 0.0819135 
26.44 	 0.0900558 
26.45 	 0.095157 
26.46 	 0.0985905 
26.47 	 0.1011411 
26.48 	 0.1027107 
26.49 	 0.1026126 
26.5 	 0.0999639 
26.51 	 0.0939798 
26.52 	 0.0840717 
26.53 	 0.0707301 
26.54 	 0.0551322 
26.55 	 0.0391419 
26.56 	 0.024525 
26.57 	 0.0124587 
26.58 	 0.0035316 
26.59 	 -0.0022563 
26.6 	 -0.0051012 
26.61 	 -0.005886 
26.62 	 -0.0053955 
26.63 	 -0.0051993 
26.64 	 -0.0069651 
26.65 	 -0.0121644 
26.66 	 -0.021582 
26.67 	 -0.0352179 
26.68 	 -0.051993 
26.69 	 -0.0701415 
26.7 	 -0.0877995 
26.71 	 -0.103005 
26.72 	 -0.1142865 
26.73 	 -0.1204668 
26.74 	 -0.1212516 
26.75 	 -0.1171314 
26.76 	 -0.1091853 
26.77 	 -0.0985905 
26.78 	 -0.0867204 
26.79 	 -0.0739674 
26.8 	 -0.0600372 
26.81 	 -0.044145 
26.82 	 -0.025506 
26.83 	 -0.0042183 
26.84 	 0.0191295 
26.85 	 0.0435564 
26.86 	 0.0678852 
26.87 	 0.0909387 
26.88 	 0.1117359 
26.89 	 0.1296882 
26.9 	 0.144207 
26.91 	 0.1553904 
26.92 	 0.1631403 
26.93 	 0.1676529 
26.94 	 0.1692225 
26.95 	 0.1686339 
26.96 	 0.1668681 
26.97 	 0.164808 
26.98 	 0.162846 
26.99 	 0.1609821 
27.0 	 0.1590201 
27.01 	 0.1567638 
27.02 	 0.1542132 
27.03 	 0.1512702 
27.04 	 0.1480329 
27.05 	 0.1445013 
27.06 	 0.1405773 
27.07 	 0.1360647 
27.08 	 0.1302768 
27.09 	 0.122625 
27.1 	 0.1126188 
27.11 	 0.1006506 
27.12 	 0.087309 
27.13 	 0.0740655 
27.14 	 0.0619011 
27.15 	 0.0523854 
27.16 	 0.0464013 
27.17 	 0.0439488 
27.18 	 0.0440469 
27.19 	 0.0443412 
27.2 	 0.0420849 
27.21 	 0.0348255 
27.22 	 0.0210915 
27.23 	 0.0012753 
27.24 	 -0.0228573 
27.25 	 -0.0487557 
27.26 	 -0.0729864 
27.27 	 -0.0926064 
27.28 	 -0.1052613 
27.29 	 -0.1097739 
27.3 	 -0.1064385 
27.31 	 -0.0972171 
27.32 	 -0.0852489 
27.33 	 -0.0743598 
27.34 	 -0.0677871 
27.35 	 -0.0674928 
27.36 	 -0.0737712 
27.37 	 -0.0857394 
27.38 	 -0.1015335 
27.39 	 -0.1190934 
27.4 	 -0.1365552 
27.41 	 -0.1525455 
27.42 	 -0.1662795 
27.43 	 -0.1778553 
27.44 	 -0.1880577 
27.45 	 -0.1976715 
27.46 	 -0.2067948 
27.47 	 -0.2149371 
27.48 	 -0.2213136 
27.49 	 -0.2245509 
27.5 	 -0.2234718 
27.51 	 -0.2176839 
27.52 	 -0.2081682 
27.53 	 -0.1966905 
27.54 	 -0.1859976 
27.55 	 -0.1783458 
27.56 	 -0.1748142 
27.57 	 -0.1753047 
27.58 	 -0.1784439 
27.59 	 -0.1821717 
27.6 	 -0.1846242 
27.61 	 -0.1838394 
27.62 	 -0.1786401 
27.63 	 -0.1685358 
27.64 	 -0.1537227 
27.65 	 -0.1349856 
27.66 	 -0.1135017 
27.67 	 -0.0904482 
27.68 	 -0.0665118 
27.69 	 -0.0423792 
27.7 	 -0.018639 
27.71 	 0.0042183 
27.72 	 0.0250155 
27.73 	 0.0429678 
27.74 	 0.0575847 
27.75 	 0.0688662 
27.76 	 0.077499 
27.77 	 0.084366 
27.78 	 0.0903501 
27.79 	 0.0959418 
27.8 	 0.1016316 
27.81 	 0.1075176 
27.82 	 0.1130112 
27.83 	 0.1178181 
27.84 	 0.1215459 
27.85 	 0.124587 
27.86 	 0.1278243 
27.87 	 0.1323369 
27.88 	 0.1386153 
27.89 	 0.1470519 
27.9 	 0.1575486 
27.91 	 0.1692225 
27.92 	 0.1811907 
27.93 	 0.1918836 
27.94 	 0.1996335 
27.95 	 0.2028708 
27.96 	 0.200124 
27.97 	 0.1907064 
27.98 	 0.1743237 
27.99 	 0.1512702 
28.0 	 0.1229193 
28.01 	 0.0915273 
28.02 	 0.0595467 
28.03 	 0.0291357 
28.04 	 0.0015696 
28.05 	 -0.0222687 
28.06 	 -0.0416925 
28.07 	 -0.0557208 
28.08 	 -0.0636669 
28.09 	 -0.0651384 
28.1 	 -0.0607239 
28.11 	 -0.0522873 
28.12 	 -0.0425754 
28.13 	 -0.0344331 
28.14 	 -0.0306072 
28.15 	 -0.0324711 
28.16 	 -0.0409077 
28.17 	 -0.0555246 
28.18 	 -0.0753408 
28.19 	 -0.0986886 
28.2 	 -0.123606 
28.21 	 -0.1482291 
28.22 	 -0.1707921 
28.23 	 -0.1898235 
28.24 	 -0.2038518 
28.25 	 -0.211896 
28.26 	 -0.2131713 
28.27 	 -0.2074815 
28.28 	 -0.1950228 
28.29 	 -0.1773648 
28.3 	 -0.1564695 
28.31 	 -0.1348875 
28.32 	 -0.1148751 
28.33 	 -0.0981981 
28.34 	 -0.085347 
28.35 	 -0.0760275 
28.36 	 -0.0691605 
28.37 	 -0.0631764 
28.38 	 -0.0571923 
28.39 	 -0.051012 
28.4 	 -0.0452241 
28.41 	 -0.0407115 
28.42 	 -0.0379647 
28.43 	 -0.0363951 
28.44 	 -0.0348255 
28.45 	 -0.031392 
28.46 	 -0.024525 
28.47 	 -0.012753 
28.48 	 0.0048069 
28.49 	 0.0285471 
28.5 	 0.0577809 
28.51 	 0.0914292 
28.52 	 0.12753 
28.53 	 0.163827 
28.54 	 0.1977696 
28.55 	 0.2270034 
28.56 	 0.2498607 
28.57 	 0.2656548 
28.58 	 0.2745819 
28.59 	 0.2771325 
28.6 	 0.2738952 
28.61 	 0.2655567 
28.62 	 0.2526075 
28.63 	 0.2355381 
28.64 	 0.2143485 
28.65 	 0.1890387 
28.66 	 0.1593144 
28.67 	 0.1256661 
28.68 	 0.0893691 
28.69 	 0.0520911 
28.7 	 0.0157941 
28.71 	 -0.017658 
28.72 	 -0.0468918 
28.73 	 -0.0707301 
28.74 	 -0.08829 
28.75 	 -0.0982962 
28.76 	 -0.0998658 
28.77 	 -0.0920178 
28.78 	 -0.0747522 
28.79 	 -0.0487557 
28.8 	 -0.0161865 
28.81 	 0.020601 
28.82 	 0.0587619 
28.83 	 0.0957456 
28.84 	 0.1292958 
28.85 	 0.1575486 
28.86 	 0.1784439 
28.87 	 0.1906083 
28.88 	 0.1930608 
28.89 	 0.1857033 
28.9 	 0.169713 
28.91 	 0.1470519 
28.92 	 0.120663 
28.93 	 0.093195 
28.94 	 0.0673947 
28.95 	 0.0449298 
28.96 	 0.0267813 
28.97 	 0.0130473 
28.98 	 0.0032373 
28.99 	 -0.003924 
29.0 	 -0.0099081 
29.01 	 -0.0158922 
29.02 	 -0.0227592 
29.03 	 -0.0309996 
29.04 	 -0.041202 
29.05 	 -0.0535626 
29.06 	 -0.0678852 
29.07 	 -0.0832869 
29.08 	 -0.0980019 
29.09 	 -0.1095777 
29.1 	 -0.1159542 
29.11 	 -0.1159542 
29.12 	 -0.1101663 
29.13 	 -0.1003563 
29.14 	 -0.089271 
29.15 	 -0.079461 
29.16 	 -0.072594 
29.17 	 -0.0691605 
29.18 	 -0.0693567 
29.19 	 -0.0727902 
29.2 	 -0.0791667 
29.21 	 -0.0877995 
29.22 	 -0.0982962 
29.23 	 -0.1102644 
29.24 	 -0.1235079 
29.25 	 -0.1374381 
29.26 	 -0.1513683 
29.27 	 -0.1639251 
29.28 	 -0.173637 
29.29 	 -0.1791306 
29.3 	 -0.1797192 
29.31 	 -0.1755009 
29.32 	 -0.1671624 
29.33 	 -0.1564695 
29.34 	 -0.1452861 
29.35 	 -0.1352799 
29.36 	 -0.1271376 
29.37 	 -0.1207611 
29.38 	 -0.1155618 
29.39 	 -0.1105587 
29.4 	 -0.1050651 
29.41 	 -0.0983943 
29.42 	 -0.0900558 
29.43 	 -0.0797553 
29.44 	 -0.0675909 
29.45 	 -0.0544455 
29.46 	 -0.0414963 
29.47 	 -0.030411 
29.48 	 -0.0220725 
29.49 	 -0.0170694 
29.5 	 -0.0148131 
29.51 	 -0.0142245 
29.52 	 -0.0140283 
29.53 	 -0.0134397 
29.54 	 -0.0122625 
29.55 	 -0.0103986 
29.56 	 -0.0077499 
29.57 	 -0.003924 
29.58 	 0.0012753 
29.59 	 0.0076518 
29.6 	 0.0149112 
29.61 	 0.0226611 
29.62 	 0.0299205 
29.63 	 0.0357084 
29.64 	 0.0394362 
29.65 	 0.0407115 
29.66 	 0.040221 
29.67 	 0.0384552 
29.68 	 0.0360027 
29.69 	 0.0330597 
29.7 	 0.0295281 
29.71 	 0.0253098 
29.72 	 0.0208953 
29.73 	 0.0167751 
29.74 	 0.0141264 
29.75 	 0.0143226 
29.76 	 0.0193257 
29.77 	 0.0298224 
29.78 	 0.0456165 
29.79 	 0.064746 
29.8 	 0.0847584 
29.81 	 0.1029069 
29.82 	 0.1168371 
29.83 	 0.1247832 
29.84 	 0.1258623 
29.85 	 0.1197801 
29.86 	 0.1064385 
29.87 	 0.0869166 
29.88 	 0.0630783 
29.89 	 0.0373761 
29.9 	 0.0130473 
29.91 	 -0.0075537 
29.92 	 -0.0226611 
29.93 	 -0.0317844 
29.94 	 -0.0349236 
29.95 	 -0.0327654 
29.96 	 -0.0261927 
29.97 	 -0.0163827 
29.98 	 -0.004905 
29.99 	 0.0063765 
30.0 	 0.015696 
30.01 	 0.0218763 
30.02 	 0.0246231 
30.03 	 0.0239364 
30.04 	 0.0201105 
30.05 	 0.0135378 
30.06 	 0.0050031 
30.07 	 -0.0046107 
30.08 	 -0.0140283 
30.09 	 -0.0226611 
30.1 	 -0.0303129 
30.11 	 -0.037278 
30.12 	 -0.0439488 
30.13 	 -0.0507177 
30.14 	 -0.056898 
30.15 	 -0.0610182 
30.16 	 -0.0612144 
30.17 	 -0.0564075 
30.18 	 -0.0467937 
30.19 	 -0.0337464 
30.2 	 -0.0189333 
30.21 	 -0.0037278 
30.22 	 0.0104967 
30.23 	 0.0227592 
30.24 	 0.0318825 
30.25 	 0.0368856 
30.26 	 0.0368856 
30.27 	 0.0314901 
30.28 	 0.0209934 
30.29 	 0.0065727 
30.3 	 -0.0094176 
30.31 	 -0.0247212 
30.32 	 -0.0373761 
30.33 	 -0.046107 
30.34 	 -0.050031 
30.35 	 -0.0486576 
30.36 	 -0.042183 
30.37 	 -0.031392 
30.38 	 -0.0172656 
30.39 	 -0.0010791 
30.4 	 0.0154998 
30.41 	 0.0311958 
30.42 	 0.0448317 
30.43 	 0.0555246 
30.44 	 0.0628821 
30.45 	 0.0665118 
30.46 	 0.0661194 
30.47 	 0.0620973 
30.48 	 0.0545436 
30.49 	 0.0442431 
30.5 	 0.0315882 
30.51 	 0.0171675 
30.52 	 0.0015696 
30.53 	 -0.0144207 
30.54 	 -0.030411 
30.55 	 -0.046107 
30.56 	 -0.060822 
30.57 	 -0.0741636 
30.58 	 -0.085347 
30.59 	 -0.094176 
30.6 	 -0.1008468 
30.61 	 -0.1052613 
30.62 	 -0.1070271 
30.63 	 -0.1056537 
30.64 	 -0.1006506 
30.65 	 -0.0925083 
30.66 	 -0.081423 
30.67 	 -0.0679833 
30.68 	 -0.0526797 
30.69 	 -0.0359046 
30.7 	 -0.0181485 
30.71 	 -9.81e-05 
30.72 	 0.0179523 
30.73 	 0.0354141 
30.74 	 0.0523854 
30.75 	 0.0688662 
30.76 	 0.0854451 
30.77 	 0.1023183 
30.78 	 0.1193877 
30.79 	 0.1357704 
30.8 	 0.1501911 
30.81 	 0.1612764 
30.82 	 0.1683396 
30.83 	 0.1711845 
30.84 	 0.1700073 
30.85 	 0.1654947 
30.86 	 0.1588239 
30.87 	 0.1513683 
30.88 	 0.1446975 
30.89 	 0.1401849 
30.9 	 0.1386153 
30.91 	 0.1401849 
30.92 	 0.1445013 
30.93 	 0.1501911 
30.94 	 0.1554885 
30.95 	 0.1584315 
30.96 	 0.1576467 
30.97 	 0.1525455 
30.98 	 0.1435203 
30.99 	 0.131454 
31.0 	 0.1173276 
31.01 	 0.1026126 
31.02 	 0.0885843 
31.03 	 0.0764199 
31.04 	 0.0663156 
31.05 	 0.0583695 
31.06 	 0.0520911 
31.07 	 0.0472842 
31.08 	 0.0436545 
31.09 	 0.0407115 
31.1 	 0.0377685 
31.11 	 0.0338445 
31.12 	 0.0279585 
31.13 	 0.0194238 
31.14 	 0.0083385 
31.15 	 -0.0043164 
31.16 	 -0.0171675 
31.17 	 -0.0286452 
31.18 	 -0.0376704 
31.19 	 -0.0434583 
31.2 	 -0.0459108 
31.21 	 -0.0455184 
31.22 	 -0.0433602 
31.23 	 -0.040221 
31.24 	 -0.0369837 
31.25 	 -0.0342369 
31.26 	 -0.0321768 
31.27 	 -0.0314901 
31.28 	 -0.0324711 
31.29 	 -0.0351198 
31.3 	 -0.0391419 
31.31 	 -0.0440469 
31.32 	 -0.0491481 
31.33 	 -0.0541512 
31.34 	 -0.0587619 
31.35 	 -0.0628821 
31.36 	 -0.0664137 
31.37 	 -0.0691605 
31.38 	 -0.0712206 
31.39 	 -0.0727902 
31.4 	 -0.0739674 
31.41 	 -0.074556 
31.42 	 -0.0742617 
31.43 	 -0.0724959 
31.44 	 -0.06867 
31.45 	 -0.0619992 
31.46 	 -0.0521892 
31.47 	 -0.0398286 
31.48 	 -0.025506 
31.49 	 -0.0103986 
31.5 	 0.0050031 
31.51 	 0.0200124 
31.52 	 0.0338445 
31.53 	 0.0453222 
31.54 	 0.0530721 
31.55 	 0.0561132 
31.56 	 0.0540531 
31.57 	 0.0468918 
31.58 	 0.0358065 
31.59 	 0.0224649 
31.6 	 0.0090252 
31.61 	 -0.0022563 
31.62 	 -0.0093195 
31.63 	 -0.0110853 
31.64 	 -0.0071613 
31.65 	 0.0020601 
31.66 	 0.0151074 
31.67 	 0.0300186 
31.68 	 0.0444393 
31.69 	 0.0562113 
31.7 	 0.0635688 
31.71 	 0.0661194 
31.72 	 0.0642555 
31.73 	 0.0594486 
31.74 	 0.053955 
31.75 	 0.0496386 
31.76 	 0.0479709 
31.77 	 0.0487557 
31.78 	 0.0507177 
31.79 	 0.0520911 
31.8 	 0.051012 
31.81 	 0.0468918 
31.82 	 0.0394362 
31.83 	 0.0288414 
31.84 	 0.0161865 
31.85 	 0.0025506 
31.86 	 -0.0105948 
31.87 	 -0.0221706 
31.88 	 -0.0316863 
31.89 	 -0.0390438 
31.9 	 -0.0443412 
31.91 	 -0.0481671 
31.92 	 -0.0514044 
31.93 	 -0.0552303 
31.94 	 -0.0599391 
31.95 	 -0.0653346 
31.96 	 -0.0704358 
31.97 	 -0.0736731 
31.98 	 -0.0738693 
31.99 	 -0.0704358 
32.0 	 -0.0633726 
32.01 	 -0.0533664 
32.02 	 -0.041202 
32.03 	 -0.028449 
32.04 	 -0.016677 
32.05 	 -0.0073575 
32.06 	 -0.0015696 
32.07 	 0.0004905 
32.08 	 -0.0010791 
32.09 	 -0.0056898 
32.1 	 -0.0123606 
32.11 	 -0.0198162 
32.12 	 -0.0271737 
32.13 	 -0.0335502 
32.14 	 -0.0387495 
32.15 	 -0.0424773 
32.16 	 -0.0445374 
32.17 	 -0.0449298 
32.18 	 -0.0436545 
32.19 	 -0.0413001 
32.2 	 -0.0385533 
32.21 	 -0.036297 
32.22 	 -0.0352179 
32.23 	 -0.0360027 
32.24 	 -0.0391419 
32.25 	 -0.0452241 
32.26 	 -0.0538569 
32.27 	 -0.0632745 
32.28 	 -0.0709263 
32.29 	 -0.0747522 
32.3 	 -0.0742617 
32.31 	 -0.0698472 
32.32 	 -0.0629802 
32.33 	 -0.0555246 
32.34 	 -0.0488538 
32.35 	 -0.0437526 
32.36 	 -0.0403191 
32.37 	 -0.0384552 
32.38 	 -0.0381609 
32.39 	 -0.0397305 
32.4 	 -0.0437526 
32.41 	 -0.0503253 
32.42 	 -0.0594486 
32.43 	 -0.0709263 
32.44 	 -0.084366 
32.45 	 -0.0992772 
32.46 	 -0.1148751 
32.47 	 -0.1300806 
32.48 	 -0.144207 
32.49 	 -0.1560771 
32.5 	 -0.1644156 
32.51 	 -0.1684377 
32.52 	 -0.1676529 
32.53 	 -0.1623555 
32.54 	 -0.1532322 
32.55 	 -0.1418526 
32.56 	 -0.1299825 
32.57 	 -0.1197801 
32.58 	 -0.1132074 
32.59 	 -0.1115397 
32.6 	 -0.1148751 
32.61 	 -0.1221345 
32.62 	 -0.1313559 
32.63 	 -0.1405773 
32.64 	 -0.1482291 
32.65 	 -0.1526436 
32.66 	 -0.1523493 
32.67 	 -0.1460709 
32.68 	 -0.1331217 
32.69 	 -0.1140903 
32.7 	 -0.0904482 
32.71 	 -0.0640593 
32.72 	 -0.0370818 
32.73 	 -0.0109872 
32.74 	 0.0133416 
32.75 	 0.0359046 
32.76 	 0.0569961 
32.77 	 0.0769104 
32.78 	 0.0953532 
32.79 	 0.1119321 
32.8 	 0.1264509 
32.81 	 0.139302 
32.82 	 0.1509759 
32.83 	 0.1620612 
32.84 	 0.1727541 
32.85 	 0.1830546 
32.86 	 0.1925703 
32.87 	 0.2012031 
32.88 	 0.2088549 
32.89 	 0.2153295 
32.9 	 0.2204307 
32.91 	 0.2239623 
32.92 	 0.2254338 
32.93 	 0.2248452 
32.94 	 0.2220003 
32.95 	 0.2172915 
32.96 	 0.2113074 
32.97 	 0.2041461 
32.98 	 0.1964943 
32.99 	 0.1886463 
33.0 	 0.1810926 
33.01 	 0.1740294 
33.02 	 0.1670643 
33.03 	 0.1596087 
33.04 	 0.1505835 
33.05 	 0.1397925 
33.06 	 0.1270395 
33.07 	 0.1127169 
33.08 	 0.0976095 
33.09 	 0.0826002 
33.1 	 0.0685719 
33.11 	 0.0558189 
33.12 	 0.0445374 
33.13 	 0.0345312 
33.14 	 0.0253098 
33.15 	 0.0169713 
33.16 	 0.0095157 
33.17 	 0.0028449 
33.18 	 -0.0033354 
33.19 	 -0.0094176 
33.2 	 -0.0158922 
33.21 	 -0.0226611 
33.22 	 -0.0293319 
33.23 	 -0.0354141 
33.24 	 -0.0408096 
33.25 	 -0.0453222 
33.26 	 -0.0491481 
33.27 	 -0.0527778 
33.28 	 -0.0567999 
33.29 	 -0.0613125 
33.3 	 -0.0662175 
33.31 	 -0.0708282 
33.32 	 -0.0740655 
33.33 	 -0.0752427 
33.34 	 -0.0736731 
33.35 	 -0.0692586 
33.36 	 -0.0620973 
33.37 	 -0.0528759 
33.38 	 -0.0426735 
33.39 	 -0.0327654 
33.4 	 -0.0243288 
33.41 	 -0.0184428 
33.42 	 -0.0152055 
33.43 	 -0.0144207 
33.44 	 -0.0153036 
33.45 	 -0.0168732 
33.46 	 -0.0184428 
33.47 	 -0.0194238 
33.48 	 -0.0193257 
33.49 	 -0.0181485 
33.5 	 -0.015696 
33.51 	 -0.0118701 
33.52 	 -0.0066708 
33.53 	 -0.0002943 
33.54 	 0.0066708 
33.55 	 0.0134397 
33.56 	 0.0189333 
33.57 	 0.0223668 
33.58 	 0.0231516 
33.59 	 0.0214839 
33.6 	 0.017658 
33.61 	 0.0121644 
33.62 	 0.0054936 
33.63 	 -0.0022563 
33.64 	 -0.0104967 
33.65 	 -0.0191295 
33.66 	 -0.0276642 
33.67 	 -0.0359046 
33.68 	 -0.0429678 
33.69 	 -0.0481671 
33.7 	 -0.0505215 
33.71 	 -0.0497367 
33.72 	 -0.0457146 
33.73 	 -0.0386514 
33.74 	 -0.0291357 
33.75 	 -0.0179523 
33.76 	 -0.0059841 
33.77 	 0.0054936 
33.78 	 0.0154017 
33.79 	 0.0222687 
33.8 	 0.0254079 
33.81 	 0.0242307 
33.82 	 0.0193257 
33.83 	 0.0115758 
33.84 	 0.0021582 
33.85 	 -0.0076518 
33.86 	 -0.0167751 
33.87 	 -0.0244269 
33.88 	 -0.0299205 
33.89 	 -0.033354 
33.9 	 -0.0349236 
33.91 	 -0.0352179 
33.92 	 -0.0346293 
33.93 	 -0.0338445 
33.94 	 -0.0328635 
33.95 	 -0.031392 
33.96 	 -0.0289395 
33.97 	 -0.0253098 
33.98 	 -0.0205029 
33.99 	 -0.0150093 
34.0 	 -0.0100062 
34.01 	 -0.0060822 
34.02 	 -0.0035316 
34.03 	 -0.0022563 
34.04 	 -0.001962 
34.05 	 -0.001962 
34.06 	 -0.0014715 
34.07 	 0.0002943 
34.08 	 0.0037278 
34.09 	 0.008829 
34.1 	 0.0150093 
34.11 	 0.0212877 
34.12 	 0.0268794 
34.13 	 0.0308034 
34.14 	 0.0321768 
34.15 	 0.0309996 
34.16 	 0.0282528 
34.17 	 0.0258003 
34.18 	 0.0252117 
34.19 	 0.0271737 
34.2 	 0.0314901 
34.21 	 0.0376704 
34.22 	 0.0452241 
34.23 	 0.0540531 
34.24 	 0.0634707 
34.25 	 0.0728883 
34.26 	 0.0816192 
34.27 	 0.0894672 
34.28 	 0.0962361 
34.29 	 0.1015335 
34.3 	 0.104967 
34.31 	 0.105948 
34.32 	 0.1040841 
34.33 	 0.0991791 
34.34 	 0.0913311 
34.35 	 0.0810306 
34.36 	 0.0689643 
34.37 	 0.0557208 
34.38 	 0.042183 
34.39 	 0.0288414 
34.4 	 0.0163827 
34.41 	 0.0052974 
34.42 	 -0.0042183 
34.43 	 -0.0122625 
34.44 	 -0.0192276 
34.45 	 -0.025506 
34.46 	 -0.0314901 
34.47 	 -0.037278 
34.48 	 -0.0426735 
34.49 	 -0.0473823 
34.5 	 -0.0505215 
34.51 	 -0.0514044 
34.52 	 -0.0498348 
34.53 	 -0.0459108 
34.54 	 -0.0400248 
34.55 	 -0.0334521 
34.56 	 -0.027468 
34.57 	 -0.0232497 
34.58 	 -0.0218763 
34.59 	 -0.0237402 
34.6 	 -0.0292338 
34.61 	 -0.0385533 
34.62 	 -0.0509139 
34.63 	 -0.0651384 
34.64 	 -0.0797553 
34.65 	 -0.0935874 
34.66 	 -0.1055556 
34.67 	 -0.1148751 
34.68 	 -0.1209573 
34.69 	 -0.1235079 
34.7 	 -0.1228212 
34.71 	 -0.1198782 
34.72 	 -0.1158561 
34.73 	 -0.1116378 
34.74 	 -0.10791 
34.75 	 -0.1048689 
34.76 	 -0.1023183 
34.77 	 -0.0995715 
34.78 	 -0.096138 
34.79 	 -0.0916254 
34.8 	 -0.0861318 
34.81 	 -0.0793629 
34.82 	 -0.0711225 
34.83 	 -0.0613125 
34.84 	 -0.050031 
34.85 	 -0.0376704 
34.86 	 -0.0256041 
34.87 	 -0.0150093 
34.88 	 -0.0073575 
34.89 	 -0.0033354 
34.9 	 -0.0031392 
34.91 	 -0.0057879 
34.92 	 -0.0101043 
34.93 	 -0.0148131 
34.94 	 -0.0190314 
34.95 	 -0.0220725 
34.96 	 -0.0231516 
34.97 	 -0.0219744 
34.98 	 -0.0184428 
34.99 	 -0.0129492 
35.0 	 -0.0061803 
35.01 	 0.0013734 
35.02 	 0.0095157 
35.03 	 0.0180504 
35.04 	 0.0263889 
35.05 	 0.0341388 
35.06 	 0.0406134 
35.07 	 0.0454203 
35.08 	 0.0487557 
35.09 	 0.0507177 
35.1 	 0.0515025 
35.11 	 0.0513063 
35.12 	 0.0504234 
35.13 	 0.0487557 
35.14 	 0.0466956 
35.15 	 0.045126 
35.16 	 0.0448317 
35.17 	 0.0465975 
35.18 	 0.050031 
35.19 	 0.0536607 
35.2 	 0.0557208 
35.21 	 0.0543474 
35.22 	 0.0485595 
35.23 	 0.0385533 
35.24 	 0.0256041 
35.25 	 0.0115758 
35.26 	 -0.0018639 
35.27 	 -0.0133416 
35.28 	 -0.0218763 
35.29 	 -0.0273699 
35.3 	 -0.0295281 
35.31 	 -0.0291357 
35.32 	 -0.0270756 
35.33 	 -0.0242307 
35.34 	 -0.0213858 
35.35 	 -0.0183447 
35.36 	 -0.0148131 
35.37 	 -0.0104967 
35.38 	 -0.0061803 
35.39 	 -0.0028449 
35.4 	 -0.0016677 
35.41 	 -0.0030411 
35.42 	 -0.0062784 
35.43 	 -0.0104967 
35.44 	 -0.0150093 
35.45 	 -0.0190314 
35.46 	 -0.0214839 
35.47 	 -0.0214839 
35.48 	 -0.0179523 
35.49 	 -0.0101043 
35.5 	 0.0025506 
35.51 	 0.0198162 
35.52 	 0.0409077 
35.53 	 0.0643536 
35.54 	 0.0881919 
35.55 	 0.1105587 
35.56 	 0.1299825 
35.57 	 0.145188 
35.58 	 0.1548999 
35.59 	 0.1585296 
35.6 	 0.155979 
35.61 	 0.1479348 
35.62 	 0.1355742 
35.63 	 0.1205649 
35.64 	 0.1048689 
35.65 	 0.0903501 
35.66 	 0.0782838 
35.67 	 0.0694548 
35.68 	 0.0633726 
35.69 	 0.0594486 
35.7 	 0.0567018 
35.71 	 0.053955 
35.72 	 0.0502272 
35.73 	 0.045126 
35.74 	 0.038259 
35.75 	 0.0300186 
35.76 	 0.0201105 
35.77 	 0.0086328 
35.78 	 -0.0046107 
35.79 	 -0.0195219 
35.8 	 -0.035316 
35.81 	 -0.0505215 
35.82 	 -0.063765 
35.83 	 -0.0740655 
35.84 	 -0.0805401 
35.85 	 -0.0829926 
35.86 	 -0.0815211 
35.87 	 -0.0766161 
35.88 	 -0.0690624 
35.89 	 -0.0603315 
35.9 	 -0.0516006 
35.91 	 -0.0442431 
35.92 	 -0.0389457 
35.93 	 -0.0360027 
35.94 	 -0.0350217 
35.95 	 -0.0354141 
35.96 	 -0.0363951 
35.97 	 -0.0373761 
35.98 	 -0.0375723 
35.99 	 -0.036297 
36.0 	 -0.0331578 
36.01 	 -0.0280566 
36.02 	 -0.0218763 
36.03 	 -0.0159903 
36.04 	 -0.0116739 
36.05 	 -0.0097119 
36.06 	 -0.0100062 
36.07 	 -0.0116739 
36.08 	 -0.0135378 
36.09 	 -0.0142245 
36.1 	 -0.012753 
36.11 	 -0.008829 
36.12 	 -0.0028449 
36.13 	 0.004905 
36.14 	 0.0139302 
36.15 	 0.0238383 
36.16 	 0.0344331 
36.17 	 0.0450279 
36.18 	 0.0548379 
36.19 	 0.0634707 
36.2 	 0.0705339 
36.21 	 0.0763218 
36.22 	 0.0812268 
36.23 	 0.0856413 
36.24 	 0.0899577 
36.25 	 0.0943722 
36.26 	 0.099081 
36.27 	 0.1036917 
36.28 	 0.1075176 
36.29 	 0.1096758 
36.3 	 0.1091853 
36.31 	 0.1051632 
36.32 	 0.097119 
36.33 	 0.0854451 
36.34 	 0.0710244 
36.35 	 0.0555246 
36.36 	 0.0404172 
36.37 	 0.0267813 
36.38 	 0.0151074 
36.39 	 0.004905 
36.4 	 -0.0043164 
36.41 	 -0.0131454 
36.42 	 -0.0212877 
36.43 	 -0.028449 
36.44 	 -0.0345312 
36.45 	 -0.0395343 
36.46 	 -0.0435564 
36.47 	 -0.0468918 
36.48 	 -0.0492462 
36.49 	 -0.051012 
36.5 	 -0.0522873 
36.51 	 -0.0530721 
36.52 	 -0.0535626 
36.53 	 -0.0536607 
36.54 	 -0.0536607 
36.55 	 -0.053955 
36.56 	 -0.054936 
36.57 	 -0.0570942 
36.58 	 -0.0606258 
36.59 	 -0.0658251 
36.6 	 -0.0723978 
36.61 	 -0.0795591 
36.62 	 -0.0861318 
36.63 	 -0.0904482 
36.64 	 -0.0909387 
36.65 	 -0.0867204 
36.66 	 -0.0776952 
36.67 	 -0.064746 
36.68 	 -0.0492462 
36.69 	 -0.0329616 
36.7 	 -0.0177561 
36.71 	 -0.0051993 
36.72 	 0.0034335 
36.73 	 0.0076518 
36.74 	 0.0077499 
36.75 	 0.0043164 
36.76 	 -0.0013734 
36.77 	 -0.0080442 
36.78 	 -0.0143226 
36.79 	 -0.0194238 
36.8 	 -0.022563 
36.81 	 -0.0232497 
36.82 	 -0.021582 
36.83 	 -0.0175599 
36.84 	 -0.0120663 
36.85 	 -0.0062784 
36.86 	 -0.0016677 
36.87 	 0.0005886 
36.88 	 9.81e-05 
36.89 	 -0.0032373 
36.9 	 -0.0092214 
36.91 	 -0.0171675 
36.92 	 -0.0261927 
36.93 	 -0.0356103 
36.94 	 -0.0448317 
36.95 	 -0.0534645 
36.96 	 -0.0611163 
36.97 	 -0.0675909 
36.98 	 -0.0727902 
36.99 	 -0.076518 
37.0 	 -0.0786762 
37.01 	 -0.0790686 
37.02 	 -0.0774009 
37.03 	 -0.073575 
37.04 	 -0.0681795 
37.05 	 -0.061803 
37.06 	 -0.0551322 
37.07 	 -0.0491481 
37.08 	 -0.0442431 
37.09 	 -0.0409077 
37.1 	 -0.0391419 
37.11 	 -0.0387495 
37.12 	 -0.0395343 
37.13 	 -0.0410058 
37.14 	 -0.0428697 
37.15 	 -0.0444393 
37.16 	 -0.0448317 
37.17 	 -0.0434583 
37.18 	 -0.0399267 
37.19 	 -0.0345312 
37.2 	 -0.0277623 
37.21 	 -0.0205029 
37.22 	 -0.0131454 
37.23 	 -0.0059841 
37.24 	 0.000981 
37.25 	 0.0077499 
37.26 	 0.0140283 
37.27 	 0.0194238 
37.28 	 0.0234459 
37.29 	 0.0258003 
37.3 	 0.0261927 
37.31 	 0.0244269 
37.32 	 0.020601 
37.33 	 0.0154017 
37.34 	 0.0095157 
37.35 	 0.003924 
37.36 	 -0.0003924 
37.37 	 -0.0031392 
37.38 	 -0.0040221 
37.39 	 -0.0033354 
37.4 	 -0.0015696 
37.41 	 0.000981 
37.42 	 0.0042183 
37.43 	 0.0084366 
37.44 	 0.0139302 
37.45 	 0.0204048 
37.46 	 0.0276642 
37.47 	 0.0351198 
37.48 	 0.0420849 
37.49 	 0.0478728 
37.5 	 0.0515025 
37.51 	 0.0525816 
37.52 	 0.0509139 
37.53 	 0.0466956 
37.54 	 0.0406134 
37.55 	 0.0338445 
37.56 	 0.027468 
37.57 	 0.0224649 
37.58 	 0.0192276 
37.59 	 0.017658 
37.6 	 0.0172656 
37.61 	 0.0174618 
37.62 	 0.0174618 
37.63 	 0.016677 
37.64 	 0.0149112 
37.65 	 0.0123606 
37.66 	 0.0095157 
37.67 	 0.0076518 
37.68 	 0.0072594 
37.69 	 0.0091233 
37.7 	 0.0131454 
37.71 	 0.018639 
37.72 	 0.0247212 
37.73 	 0.030411 
37.74 	 0.0352179 
37.75 	 0.0388476 
37.76 	 0.0413982 
37.77 	 0.043164 
37.78 	 0.0443412 
37.79 	 0.0450279 
37.8 	 0.0452241 
37.81 	 0.045126 
37.82 	 0.0443412 
37.83 	 0.0426735 
37.84 	 0.0396324 
37.85 	 0.0352179 
37.86 	 0.0292338 
37.87 	 0.0222687 
37.88 	 0.014715 
37.89 	 0.0073575 
37.9 	 0.0008829 
37.91 	 -0.0043164 
37.92 	 -0.0077499 
37.93 	 -0.0093195 
37.94 	 -0.0090252 
37.95 	 -0.0067689 
37.96 	 -0.0026487 
37.97 	 0.0033354 
37.98 	 0.0106929 
37.99 	 0.0191295 
38.0 	 0.0276642 
38.01 	 0.0356103 
38.02 	 0.0420849 
38.03 	 0.0464994 
38.04 	 0.0483633 
38.05 	 0.0477747 
38.06 	 0.0449298 
38.07 	 0.0405153 
38.08 	 0.0355122 
38.09 	 0.0305091 
38.1 	 0.0262908 
38.11 	 0.0228573 
38.12 	 0.0199143 
38.13 	 0.0169713 
38.14 	 0.0136359 
38.15 	 0.0096138 
38.16 	 0.0053955 
38.17 	 0.0013734 
38.18 	 -0.0021582 
38.19 	 -0.0048069 
38.2 	 -0.0065727 
38.21 	 -0.0073575 
38.22 	 -0.0073575 
38.23 	 -0.0067689 
38.24 	 -0.0060822 
38.25 	 -0.0057879 
38.26 	 -0.0062784 
38.27 	 -0.007848 
38.28 	 -0.0103986 
38.29 	 -0.0138321 
38.3 	 -0.017658 
38.31 	 -0.021582 
38.32 	 -0.0250155 
38.33 	 -0.0275661 
38.34 	 -0.0288414 
38.35 	 -0.028449 
38.36 	 -0.0262908 
38.37 	 -0.0224649 
38.38 	 -0.0173637 
38.39 	 -0.011772 
38.4 	 -0.0063765 
38.41 	 -0.001962 
38.42 	 0.0014715 
38.43 	 0.0037278 
38.44 	 0.0051993 
38.45 	 0.0057879 
38.46 	 0.0059841 
38.47 	 0.0059841 
38.48 	 0.0057879 
38.49 	 0.0056898 
38.5 	 0.0056898 
38.51 	 0.0056898 
38.52 	 0.0056898 
38.53 	 0.0054936 
38.54 	 0.0050031 
38.55 	 0.0043164 
38.56 	 0.0035316 
38.57 	 0.0028449 
38.58 	 0.0021582 
38.59 	 0.0014715 
38.6 	 0.0005886 
38.61 	 -0.0006867 
38.62 	 -0.0024525 
38.63 	 -0.0046107 
38.64 	 -0.006867 
38.65 	 -0.0089271 
38.66 	 -0.0103986 
38.67 	 -0.0112815 
38.68 	 -0.0115758 
38.69 	 -0.0113796 
38.7 	 -0.010791 
38.71 	 -0.0101043 
38.72 	 -0.0093195 
38.73 	 -0.0087309 
38.74 	 -0.0083385 
38.75 	 -0.0079461 
38.76 	 -0.0077499 
38.77 	 -0.0076518 
38.78 	 -0.0076518 
38.79 	 -0.0079461 
38.8 	 -0.0086328 
38.81 	 -0.0095157 
38.82 	 -0.0106929 
38.83 	 -0.0116739 
38.84 	 -0.0124587 
38.85 	 -0.0128511 
38.86 	 -0.012753 
38.87 	 -0.0121644 
38.88 	 -0.0111834 
38.89 	 -0.00981 
38.9 	 -0.0083385 
38.91 	 -0.0067689 
38.92 	 -0.0052974 
38.93 	 -0.0041202 
38.94 	 -0.0034335 
38.95 	 -0.0030411 
38.96 	 -0.0028449 
38.97 	 -0.0027468 
38.98 	 -0.0023544 
38.99 	 -0.0017658 
39.0 	 -0.000981 
39.01 	 9.81e-05 
39.02 	 0.0013734 
39.03 	 0.0024525 
39.04 	 0.0034335 
39.05 	 0.0040221 
39.06 	 0.0043164 
39.07 	 0.0043164 
39.08 	 0.0040221 
39.09 	 0.0037278 
39.1 	 0.0033354 
39.11 	 0.0030411 
39.12 	 0.002943 
39.13 	 0.0031392 
39.14 	 0.0035316 
39.15 	 0.0042183 
39.16 	 0.0051012 
39.17 	 0.0061803 
39.18 	 0.0073575 
39.19 	 0.0085347 
39.2 	 0.0095157 
39.21 	 0.0103005 
39.22 	 0.0108891 
39.23 	 0.0112815 
39.24 	 0.0114777 
39.25 	 0.0114777 
39.26 	 0.0112815 
39.27 	 0.010791 
39.28 	 0.0102024 
39.29 	 0.0094176 
39.3 	 0.0085347 
39.31 	 0.0076518 
39.32 	 0.0065727 
39.33 	 0.0055917 
39.34 	 0.0045126 
39.35 	 0.0035316 
39.36 	 0.0027468 
39.37 	 0.0020601 
39.38 	 0.0015696 
39.39 	 0.0011772 
39.4 	 0.0008829 
39.41 	 0.0006867 
39.42 	 0.0003924 
39.43 	 0.0001962 
39.44 	 9.81e-05 
39.45 	 9.81e-05 
39.46 	 0.0002943 
39.47 	 0.0004905 
39.48 	 0.0005886 
39.49 	 0.0006867 
39.5 	 0.0005886 
39.51 	 0.0002943 
39.52 	 -0.0 
39.53 	 -0.0003924 
39.54 	 -0.0007848 
39.55 	 -0.0010791 
39.56 	 -0.0013734 
39.57 	 -0.0015696 
39.58 	 -0.0017658 
39.59 	 -0.001962 
39.6 	 -0.0021582 
39.61 	 -0.0023544 
39.62 	 -0.0024525 
39.63 	 -0.0024525 
39.64 	 -0.0025506 
39.65 	 -0.0026487 
39.66 	 -0.0028449 
39.67 	 -0.002943 
39.68 	 -0.0031392 
39.69 	 -0.0032373 
39.7 	 -0.0032373 
39.71 	 -0.0032373 
39.72 	 -0.0031392 
39.73 	 -0.0031392 
39.74 	 -0.0030411 
39.75 	 -0.0030411 
39.76 	 -0.002943 
39.77 	 -0.002943 
39.78 	 -0.002943 
39.79 	 -0.002943 
39.8 	 -0.002943 
39.81 	 -0.0028449 
39.82 	 -0.0028449 
39.83 	 -0.0028449 
39.84 	 -0.0028449 
39.85 	 -0.0027468 
39.86 	 -0.0027468 
39.87 	 -0.0027468 
39.88 	 -0.000981 
