0.0 	 0.0 
0.01 	 -0.0 
0.02 	 -1e-07 
0.03 	 -3e-07 
0.04 	 -7e-07 
0.05 	 -1.6e-06 
0.06 	 -2.9e-06 
0.07 	 -4.8e-06 
0.08 	 -7.1e-06 
0.09 	 -9.5e-06 
0.1 	 -1.15e-05 
0.11 	 -1.22e-05 
0.12 	 -1.04e-05 
0.13 	 -4.8e-06 
0.14 	 5.5e-06 
0.15 	 2.12e-05 
0.16 	 4.26e-05 
0.17 	 6.94e-05 
0.18 	 0.0001014 
0.19 	 0.0001381 
0.2 	 0.0001791 
0.21 	 0.0002238 
0.22 	 0.0002717 
0.23 	 0.0003221 
0.24 	 0.0003746 
0.25 	 0.0004292 
0.26 	 0.000486 
0.27 	 0.0005451 
0.28 	 0.0006068 
0.29 	 0.0006707 
0.3 	 0.0007362 
0.31 	 0.0008019 
0.32 	 0.000866 
0.33 	 0.0009264 
0.34 	 0.0009811 
0.35 	 0.0010282 
0.36 	 0.0010665 
0.37 	 0.0010956 
0.38 	 0.0011157 
0.39 	 0.0011279 
0.4 	 0.0011341 
0.41 	 0.0011367 
0.42 	 0.0011382 
0.43 	 0.001141 
0.44 	 0.0011469 
0.45 	 0.0011567 
0.46 	 0.0011704 
0.47 	 0.001187 
0.48 	 0.0012052 
0.49 	 0.0012234 
0.5 	 0.0012404 
0.51 	 0.0012557 
0.52 	 0.0012693 
0.53 	 0.0012824 
0.54 	 0.001297 
0.55 	 0.0013157 
0.56 	 0.0013418 
0.57 	 0.0013778 
0.58 	 0.0014257 
0.59 	 0.0014861 
0.6 	 0.0015588 
0.61 	 0.0016425 
0.62 	 0.0017354 
0.63 	 0.0018356 
0.64 	 0.0019403 
0.65 	 0.0020465 
0.66 	 0.0021505 
0.67 	 0.0022481 
0.68 	 0.0023349 
0.69 	 0.0024071 
0.7 	 0.0024613 
0.71 	 0.0024956 
0.72 	 0.0025089 
0.73 	 0.0025016 
0.74 	 0.0024755 
0.75 	 0.0024334 
0.76 	 0.0023789 
0.77 	 0.0023164 
0.78 	 0.0022498 
0.79 	 0.0021832 
0.8 	 0.0021198 
0.81 	 0.0020622 
0.82 	 0.002012 
0.83 	 0.0019701 
0.84 	 0.0019363 
0.85 	 0.0019098 
0.86 	 0.0018896 
0.87 	 0.0018739 
0.88 	 0.0018611 
0.89 	 0.0018493 
0.9 	 0.0018363 
0.91 	 0.0018202 
0.92 	 0.0017991 
0.93 	 0.0017717 
0.94 	 0.0017384 
0.95 	 0.0017009 
0.96 	 0.0016633 
0.97 	 0.0016309 
0.98 	 0.0016095 
0.99 	 0.0016039 
1.0 	 0.0016173 
1.01 	 0.0016507 
1.02 	 0.0017027 
1.03 	 0.0017705 
1.04 	 0.0018504 
1.05 	 0.0019377 
1.06 	 0.0020273 
1.07 	 0.002114 
1.08 	 0.0021925 
1.09 	 0.0022578 
1.1 	 0.0023056 
1.11 	 0.0023327 
1.12 	 0.0023363 
1.13 	 0.0023144 
1.14 	 0.0022657 
1.15 	 0.0021892 
1.16 	 0.0020851 
1.17 	 0.0019547 
1.18 	 0.0018015 
1.19 	 0.0016307 
1.2 	 0.0014498 
1.21 	 0.0012678 
1.22 	 0.0010943 
1.23 	 0.0009379 
1.24 	 0.0008053 
1.25 	 0.0006996 
1.26 	 0.0006203 
1.27 	 0.0005638 
1.28 	 0.0005239 
1.29 	 0.000494 
1.3 	 0.0004686 
1.31 	 0.0004444 
1.32 	 0.0004211 
1.33 	 0.0004014 
1.34 	 0.00039 
1.35 	 0.0003925 
1.36 	 0.0004146 
1.37 	 0.0004605 
1.38 	 0.0005322 
1.39 	 0.0006289 
1.4 	 0.0007474 
1.41 	 0.0008818 
1.42 	 0.0010252 
1.43 	 0.001171 
1.44 	 0.0013148 
1.45 	 0.0014552 
1.46 	 0.0015942 
1.47 	 0.0017362 
1.48 	 0.0018857 
1.49 	 0.002046 
1.5 	 0.0022172 
1.51 	 0.002396 
1.52 	 0.0025751 
1.53 	 0.0027443 
1.54 	 0.0028914 
1.55 	 0.003004 
1.56 	 0.0030709 
1.57 	 0.0030847 
1.58 	 0.0030424 
1.59 	 0.0029465 
1.6 	 0.0028048 
1.61 	 0.0026293 
1.62 	 0.0024351 
1.63 	 0.0022381 
1.64 	 0.0020546 
1.65 	 0.0018992 
1.66 	 0.0017845 
1.67 	 0.0017198 
1.68 	 0.00171 
1.69 	 0.0017548 
1.7 	 0.0018484 
1.71 	 0.0019803 
1.72 	 0.0021367 
1.73 	 0.0023031 
1.74 	 0.0024663 
1.75 	 0.0026164 
1.76 	 0.0027471 
1.77 	 0.0028556 
1.78 	 0.0029416 
1.79 	 0.0030066 
1.8 	 0.003053 
1.81 	 0.0030848 
1.82 	 0.003108 
1.83 	 0.0031306 
1.84 	 0.0031624 
1.85 	 0.0032132 
1.86 	 0.0032901 
1.87 	 0.003396 
1.88 	 0.0035274 
1.89 	 0.0036749 
1.9 	 0.0038244 
1.91 	 0.0039595 
1.92 	 0.0040642 
1.93 	 0.004126 
1.94 	 0.0041371 
1.95 	 0.0040956 
1.96 	 0.0040044 
1.97 	 0.0038712 
1.98 	 0.0037072 
1.99 	 0.0035265 
2.0 	 0.0033454 
2.01 	 0.0031807 
2.02 	 0.0030491 
2.03 	 0.0029642 
2.04 	 0.002935 
2.05 	 0.0029648 
2.06 	 0.0030502 
2.07 	 0.0031826 
2.08 	 0.0033493 
2.09 	 0.0035352 
2.1 	 0.0037243 
2.11 	 0.0039008 
2.12 	 0.0040502 
2.13 	 0.0041609 
2.14 	 0.0042253 
2.15 	 0.0042418 
2.16 	 0.0042146 
2.17 	 0.0041534 
2.18 	 0.0040717 
2.19 	 0.0039849 
2.2 	 0.0039086 
2.21 	 0.0038561 
2.22 	 0.0038374 
2.23 	 0.0038578 
2.24 	 0.0039163 
2.25 	 0.0040064 
2.26 	 0.0041163 
2.27 	 0.0042321 
2.28 	 0.0043406 
2.29 	 0.004432 
2.3 	 0.0045018 
2.31 	 0.0045506 
2.32 	 0.0045825 
2.33 	 0.0046029 
2.34 	 0.0046165 
2.35 	 0.0046253 
2.36 	 0.0046294 
2.37 	 0.0046272 
2.38 	 0.0046168 
2.39 	 0.0045976 
2.4 	 0.0045704 
2.41 	 0.0045364 
2.42 	 0.0044967 
2.43 	 0.0044498 
2.44 	 0.0043924 
2.45 	 0.0043197 
2.46 	 0.0042284 
2.47 	 0.0041174 
2.48 	 0.0039889 
2.49 	 0.0038459 
2.5 	 0.0036906 
2.51 	 0.0035217 
2.52 	 0.0033347 
2.53 	 0.0031236 
2.54 	 0.0028836 
2.55 	 0.002614 
2.56 	 0.00232 
2.57 	 0.0020127 
2.58 	 0.0017086 
2.59 	 0.0014274 
2.6 	 0.0011895 
2.61 	 0.0010123 
2.62 	 0.0009073 
2.63 	 0.000878 
2.64 	 0.0009195 
2.65 	 0.0010201 
2.66 	 0.0011648 
2.67 	 0.001338 
2.68 	 0.0015263 
2.69 	 0.0017182 
2.7 	 0.001904 
2.71 	 0.0020752 
2.72 	 0.0022234 
2.73 	 0.0023412 
2.74 	 0.0024221 
2.75 	 0.0024612 
2.76 	 0.0024564 
2.77 	 0.0024092 
2.78 	 0.0023259 
2.79 	 0.0022186 
2.8 	 0.0021049 
2.81 	 0.0020061 
2.82 	 0.0019431 
2.83 	 0.0019317 
2.84 	 0.0019789 
2.85 	 0.0020799 
2.86 	 0.0022188 
2.87 	 0.0023714 
2.88 	 0.0025093 
2.89 	 0.0026045 
2.9 	 0.0026331 
2.91 	 0.0025775 
2.92 	 0.0024277 
2.93 	 0.0021817 
2.94 	 0.001845 
2.95 	 0.00143 
2.96 	 0.0009538 
2.97 	 0.0004367 
2.98 	 -0.0001001 
2.99 	 -0.0006366 
3.0 	 -0.0011544 
3.01 	 -0.0016381 
3.02 	 -0.0020747 
3.03 	 -0.0024543 
3.04 	 -0.0027708 
3.05 	 -0.0030225 
3.06 	 -0.0032132 
3.07 	 -0.0033523 
3.08 	 -0.0034535 
3.09 	 -0.0035329 
3.1 	 -0.0036061 
3.11 	 -0.0036851 
3.12 	 -0.0037755 
3.13 	 -0.0038754 
3.14 	 -0.0039757 
3.15 	 -0.0040625 
3.16 	 -0.0041202 
3.17 	 -0.0041348 
3.18 	 -0.0040965 
3.19 	 -0.0040013 
3.2 	 -0.00385 
3.21 	 -0.0036483 
3.22 	 -0.0034049 
3.23 	 -0.0031313 
3.24 	 -0.0028411 
3.25 	 -0.0025505 
3.26 	 -0.0022778 
3.27 	 -0.0020423 
3.28 	 -0.0018621 
3.29 	 -0.001751 
3.3 	 -0.0017158 
3.31 	 -0.0017549 
3.32 	 -0.0018578 
3.33 	 -0.0020073 
3.34 	 -0.0021817 
3.35 	 -0.0023574 
3.36 	 -0.0025114 
3.37 	 -0.0026237 
3.38 	 -0.0026796 
3.39 	 -0.002671 
3.4 	 -0.0025966 
3.41 	 -0.0024608 
3.42 	 -0.0022706 
3.43 	 -0.002033 
3.44 	 -0.0017525 
3.45 	 -0.0014307 
3.46 	 -0.0010661 
3.47 	 -0.0006566 
3.48 	 -0.0002006 
3.49 	 0.0003017 
3.5 	 0.0008471 
3.51 	 0.0014297 
3.52 	 0.0020404 
3.53 	 0.0026675 
3.54 	 0.0032969 
3.55 	 0.0039132 
3.56 	 0.0044996 
3.57 	 0.0050398 
3.58 	 0.0055177 
3.59 	 0.0059195 
3.6 	 0.0062337 
3.61 	 0.0064531 
3.62 	 0.0065741 
3.63 	 0.0065976 
3.64 	 0.0065274 
3.65 	 0.0063706 
3.66 	 0.0061359 
3.67 	 0.0058339 
3.68 	 0.0054762 
3.69 	 0.0050745 
3.7 	 0.0046401 
3.71 	 0.0041824 
3.72 	 0.003709 
3.73 	 0.0032258 
3.74 	 0.0027382 
3.75 	 0.0022532 
3.76 	 0.0017813 
3.77 	 0.0013364 
3.78 	 0.0009344 
3.79 	 0.0005903 
3.8 	 0.0003144 
3.81 	 0.0001095 
3.82 	 -3.03e-05 
3.83 	 -0.0001188 
3.84 	 -0.0001744 
3.85 	 -0.0002165 
3.86 	 -0.0002611 
3.87 	 -0.0003186 
3.88 	 -0.0003926 
3.89 	 -0.000481 
3.9 	 -0.0005789 
3.91 	 -0.0006812 
3.92 	 -0.000785 
3.93 	 -0.000891 
3.94 	 -0.0010024 
3.95 	 -0.0011228 
3.96 	 -0.0012536 
3.97 	 -0.0013925 
3.98 	 -0.0015321 
3.99 	 -0.0016616 
4.0 	 -0.0017683 
4.01 	 -0.0018393 
4.02 	 -0.0018635 
4.03 	 -0.0018322 
4.04 	 -0.0017412 
4.05 	 -0.0015915 
4.06 	 -0.0013902 
4.07 	 -0.0011495 
4.08 	 -0.000884 
4.09 	 -0.000608 
4.1 	 -0.0003323 
4.11 	 -6.24e-05 
4.12 	 0.0002014 
4.13 	 0.0004633 
4.14 	 0.0007298 
4.15 	 0.001008 
4.16 	 0.0013023 
4.17 	 0.0016129 
4.18 	 0.0019339 
4.19 	 0.0022524 
4.2 	 0.0025497 
4.21 	 0.0028034 
4.22 	 0.002991 
4.23 	 0.003093 
4.24 	 0.0030959 
4.25 	 0.0029932 
4.26 	 0.0027861 
4.27 	 0.0024827 
4.28 	 0.0020967 
4.29 	 0.0016454 
4.3 	 0.0011487 
4.31 	 0.0006265 
4.32 	 9.67e-05 
4.33 	 -0.0004259 
4.34 	 -0.0009313 
4.35 	 -0.0014133 
4.36 	 -0.0018689 
4.37 	 -0.0022969 
4.38 	 -0.0026964 
4.39 	 -0.0030672 
4.4 	 -0.0034094 
4.41 	 -0.0037244 
4.42 	 -0.0040142 
4.43 	 -0.0042822 
4.44 	 -0.0045317 
4.45 	 -0.0047666 
4.46 	 -0.0049911 
4.47 	 -0.0052104 
4.48 	 -0.0054304 
4.49 	 -0.0056586 
4.5 	 -0.0059031 
4.51 	 -0.0061722 
4.52 	 -0.0064732 
4.53 	 -0.0068125 
4.54 	 -0.0071944 
4.55 	 -0.0076215 
4.56 	 -0.0080936 
4.57 	 -0.0086068 
4.58 	 -0.0091524 
4.59 	 -0.0097152 
4.6 	 -0.0102741 
4.61 	 -0.0108036 
4.62 	 -0.0112766 
4.63 	 -0.0116687 
4.64 	 -0.0119607 
4.65 	 -0.0121409 
4.66 	 -0.0122048 
4.67 	 -0.0121542 
4.68 	 -0.011996 
4.69 	 -0.0117417 
4.7 	 -0.011407 
4.71 	 -0.0110119 
4.72 	 -0.0105799 
4.73 	 -0.0101356 
4.74 	 -0.0097027 
4.75 	 -0.009301 
4.76 	 -0.0089443 
4.77 	 -0.0086406 
4.78 	 -0.0083915 
4.79 	 -0.0081939 
4.8 	 -0.0080411 
4.81 	 -0.0079245 
4.82 	 -0.007835 
4.83 	 -0.0077649 
4.84 	 -0.0077091 
4.85 	 -0.0076654 
4.86 	 -0.0076343 
4.87 	 -0.007618 
4.88 	 -0.0076183 
4.89 	 -0.0076351 
4.9 	 -0.0076645 
4.91 	 -0.0076993 
4.92 	 -0.0077301 
4.93 	 -0.0077469 
4.94 	 -0.0077419 
4.95 	 -0.0077105 
4.96 	 -0.0076516 
4.97 	 -0.0075676 
4.98 	 -0.0074631 
4.99 	 -0.0073434 
5.0 	 -0.0072142 
5.01 	 -0.0070804 
5.02 	 -0.0069461 
5.03 	 -0.0068142 
5.04 	 -0.0066869 
5.05 	 -0.0065657 
5.06 	 -0.0064533 
5.07 	 -0.0063539 
5.08 	 -0.0062743 
5.09 	 -0.0062226 
5.1 	 -0.0062068 
5.11 	 -0.0062327 
5.12 	 -0.0063026 
5.13 	 -0.0064152 
5.14 	 -0.0065661 
5.15 	 -0.0067498 
5.16 	 -0.0069609 
5.17 	 -0.0071945 
5.18 	 -0.007446 
5.19 	 -0.0077103 
5.2 	 -0.00798 
5.21 	 -0.0082455 
5.22 	 -0.0084953 
5.23 	 -0.0087165 
5.24 	 -0.0088958 
5.25 	 -0.0090203 
5.26 	 -0.0090766 
5.27 	 -0.0090507 
5.28 	 -0.0089285 
5.29 	 -0.0086969 
5.3 	 -0.0083463 
5.31 	 -0.0078745 
5.32 	 -0.0072887 
5.33 	 -0.0066064 
5.34 	 -0.0058542 
5.35 	 -0.0050647 
5.36 	 -0.0042722 
5.37 	 -0.0035099 
5.38 	 -0.0028063 
5.39 	 -0.0021848 
5.4 	 -0.0016629 
5.41 	 -0.0012523 
5.42 	 -0.0009598 
5.43 	 -0.0007878 
5.44 	 -0.0007343 
5.45 	 -0.0007937 
5.46 	 -0.000957 
5.47 	 -0.0012129 
5.48 	 -0.0015489 
5.49 	 -0.0019529 
5.5 	 -0.0024138 
5.51 	 -0.0029232 
5.52 	 -0.0034749 
5.53 	 -0.0040655 
5.54 	 -0.0046947 
5.55 	 -0.0053651 
5.56 	 -0.0060826 
5.57 	 -0.0068553 
5.58 	 -0.0076919 
5.59 	 -0.0085996 
5.6 	 -0.0095816 
5.61 	 -0.0106351 
5.62 	 -0.0117504 
5.63 	 -0.0129108 
5.64 	 -0.0140946 
5.65 	 -0.0152763 
5.66 	 -0.016429 
5.67 	 -0.0175262 
5.68 	 -0.0185438 
5.69 	 -0.0194617 
5.7 	 -0.0202656 
5.71 	 -0.0209482 
5.72 	 -0.0215099 
5.73 	 -0.021958 
5.74 	 -0.0223056 
5.75 	 -0.0225682 
5.76 	 -0.0227617 
5.77 	 -0.0228996 
5.78 	 -0.0229917 
5.79 	 -0.0230445 
5.8 	 -0.0230618 
5.81 	 -0.0230461 
5.82 	 -0.0230003 
5.83 	 -0.0229283 
5.84 	 -0.0228348 
5.85 	 -0.0227244 
5.86 	 -0.0226007 
5.87 	 -0.0224649 
5.88 	 -0.022316 
5.89 	 -0.0221504 
5.9 	 -0.0219634 
5.91 	 -0.021751 
5.92 	 -0.0215118 
5.93 	 -0.0212493 
5.94 	 -0.0209729 
5.95 	 -0.0206989 
5.96 	 -0.0204494 
5.97 	 -0.0202503 
5.98 	 -0.0201294 
5.99 	 -0.0201137 
6.0 	 -0.0202266 
6.01 	 -0.0204868 
6.02 	 -0.0209067 
6.03 	 -0.0214924 
6.04 	 -0.0222439 
6.05 	 -0.0231565 
6.06 	 -0.0242207 
6.07 	 -0.0254235 
6.08 	 -0.0267481 
6.09 	 -0.0281737 
6.1 	 -0.0296757 
6.11 	 -0.0312254 
6.12 	 -0.0327914 
6.13 	 -0.0343414 
6.14 	 -0.0358467 
6.15 	 -0.0372856 
6.16 	 -0.0386478 
6.17 	 -0.0399356 
6.18 	 -0.0411627 
6.19 	 -0.0423498 
6.2 	 -0.0435193 
6.21 	 -0.0446906 
6.22 	 -0.0458767 
6.23 	 -0.0470835 
6.24 	 -0.0483105 
6.25 	 -0.0495533 
6.26 	 -0.0508053 
6.27 	 -0.0520603 
6.28 	 -0.0533126 
6.29 	 -0.0545581 
6.3 	 -0.0557937 
6.31 	 -0.0570174 
6.32 	 -0.0582278 
6.33 	 -0.0594235 
6.34 	 -0.0606032 
6.35 	 -0.0617653 
6.36 	 -0.0629077 
6.37 	 -0.0640288 
6.38 	 -0.0651274 
6.39 	 -0.0662043 
6.4 	 -0.0672638 
6.41 	 -0.0683143 
6.42 	 -0.0693686 
6.43 	 -0.0704424 
6.44 	 -0.0715508 
6.45 	 -0.0727043 
6.46 	 -0.0739052 
6.47 	 -0.0751431 
6.48 	 -0.076394 
6.49 	 -0.0776199 
6.5 	 -0.0787716 
6.51 	 -0.0797926 
6.52 	 -0.0806235 
6.53 	 -0.0812068 
6.54 	 -0.0814908 
6.55 	 -0.0814334 
6.56 	 -0.0810039 
6.57 	 -0.0801848 
6.58 	 -0.0789718 
6.59 	 -0.0773753 
6.6 	 -0.075421 
6.61 	 -0.0731501 
6.62 	 -0.0706184 
6.63 	 -0.0678923 
6.64 	 -0.0650442 
6.65 	 -0.0621465 
6.66 	 -0.0592665 
6.67 	 -0.0564631 
6.68 	 -0.0537859 
6.69 	 -0.0512753 
6.7 	 -0.0489645 
6.71 	 -0.0468814 
6.72 	 -0.0450502 
6.73 	 -0.0434922 
6.74 	 -0.042224 
6.75 	 -0.0412556 
6.76 	 -0.0405864 
6.77 	 -0.0402022 
6.78 	 -0.0400733 
6.79 	 -0.0401535 
6.8 	 -0.040381 
6.81 	 -0.0406782 
6.82 	 -0.0409528 
6.83 	 -0.0411033 
6.84 	 -0.0410293 
6.85 	 -0.0406479 
6.86 	 -0.03991 
6.87 	 -0.0388107 
6.88 	 -0.0373901 
6.89 	 -0.0357238 
6.9 	 -0.0339063 
6.91 	 -0.0320324 
6.92 	 -0.0301823 
6.93 	 -0.0284114 
6.94 	 -0.0267476 
6.95 	 -0.0251939 
6.96 	 -0.0237334 
6.97 	 -0.0223357 
6.98 	 -0.0209632 
6.99 	 -0.0195764 
7.0 	 -0.018139 
7.01 	 -0.0166211 
7.02 	 -0.015002 
7.03 	 -0.0132711 
7.04 	 -0.0114275 
7.05 	 -0.0094795 
7.06 	 -0.0074442 
7.07 	 -0.0053466 
7.08 	 -0.0032181 
7.09 	 -0.0010947 
7.1 	 0.0009871 
7.11 	 0.002995 
7.12 	 0.004905 
7.13 	 0.0067048 
7.14 	 0.0083943 
7.15 	 0.0099841 
7.16 	 0.0114922 
7.17 	 0.012941 
7.18 	 0.0143549 
7.19 	 0.0157577 
7.2 	 0.0171712 
7.21 	 0.018612 
7.22 	 0.0200884 
7.23 	 0.0215974 
7.24 	 0.0231237 
7.25 	 0.0246413 
7.26 	 0.0261161 
7.27 	 0.0275113 
7.28 	 0.0287921 
7.29 	 0.0299314 
7.3 	 0.0309134 
7.31 	 0.0317363 
7.32 	 0.0324134 
7.33 	 0.0329719 
7.34 	 0.033453 
7.35 	 0.0339101 
7.36 	 0.034408 
7.37 	 0.0350195 
7.38 	 0.0358208 
7.39 	 0.0368854 
7.4 	 0.0382762 
7.41 	 0.0400388 
7.42 	 0.0421948 
7.43 	 0.0447383 
7.44 	 0.0476365 
7.45 	 0.0508355 
7.46 	 0.0542702 
7.47 	 0.0578751 
7.48 	 0.0615927 
7.49 	 0.0653777 
7.5 	 0.0691967 
7.51 	 0.0730247 
7.52 	 0.0768412 
7.53 	 0.0806266 
7.54 	 0.0843602 
7.55 	 0.0880208 
7.56 	 0.0915876 
7.57 	 0.0950423 
7.58 	 0.09837 
7.59 	 0.1015603 
7.6 	 0.1046063 
7.61 	 0.1075041 
7.62 	 0.1102509 
7.63 	 0.1128437 
7.64 	 0.115278 
7.65 	 0.1175463 
7.66 	 0.119638 
7.67 	 0.1215393 
7.68 	 0.1232332 
7.69 	 0.1247004 
7.7 	 0.1259206 
7.71 	 0.126873 
7.72 	 0.1275376 
7.73 	 0.1278958 
7.74 	 0.1279314 
7.75 	 0.1276319 
7.76 	 0.1269893 
7.77 	 0.1260013 
7.78 	 0.1246728 
7.79 	 0.1230165 
7.8 	 0.1210542 
7.81 	 0.1188163 
7.82 	 0.1163405 
7.83 	 0.1136704 
7.84 	 0.1108534 
7.85 	 0.1079408 
7.86 	 0.1049882 
7.87 	 0.102055 
7.88 	 0.0992009 
7.89 	 0.0964764 
7.9 	 0.0939124 
7.91 	 0.0915113 
7.92 	 0.0892445 
7.93 	 0.0870584 
7.94 	 0.0848841 
7.95 	 0.0826496 
7.96 	 0.0802886 
7.97 	 0.0777468 
7.98 	 0.0749833 
7.99 	 0.0719701 
8.0 	 0.0686899 
8.01 	 0.0651347 
8.02 	 0.0613037 
8.03 	 0.0572032 
8.04 	 0.0528459 
8.05 	 0.0482507 
8.06 	 0.0434431 
8.07 	 0.0384552 
8.08 	 0.0333261 
8.09 	 0.0281049 
8.1 	 0.0228553 
8.11 	 0.0176615 
8.12 	 0.0126294 
8.13 	 0.0078801 
8.14 	 0.0035353 
8.15 	 -0.0003002 
8.16 	 -0.0035521 
8.17 	 -0.0061831 
8.18 	 -0.0081915 
8.19 	 -0.0096057 
8.2 	 -0.0104755 
8.21 	 -0.010862 
8.22 	 -0.0108295 
8.23 	 -0.0104392 
8.24 	 -0.0097458 
8.25 	 -0.0087979 
8.26 	 -0.0076403 
8.27 	 -0.0063172 
8.28 	 -0.0048748 
8.29 	 -0.0033606 
8.3 	 -0.0018232 
8.31 	 -0.0003088 
8.32 	 0.0011403 
8.33 	 0.0024875 
8.34 	 0.0037035 
8.35 	 0.0047658 
8.36 	 0.0056595 
8.37 	 0.0063774 
8.38 	 0.0069201 
8.39 	 0.0072963 
8.4 	 0.0075226 
8.41 	 0.0076228 
8.42 	 0.0076259 
8.43 	 0.0075652 
8.44 	 0.0074756 
8.45 	 0.007392 
8.46 	 0.0073475 
8.47 	 0.0073718 
8.48 	 0.0074901 
8.49 	 0.0077232 
8.5 	 0.0080869 
8.51 	 0.0085936 
8.52 	 0.0092513 
8.53 	 0.0100645 
8.54 	 0.0110334 
8.55 	 0.0121535 
8.56 	 0.013416 
8.57 	 0.0148079 
8.58 	 0.0163122 
8.59 	 0.0179093 
8.6 	 0.0195767 
8.61 	 0.0212897 
8.62 	 0.0230213 
8.63 	 0.0247429 
8.64 	 0.0264248 
8.65 	 0.0280374 
8.66 	 0.0295529 
8.67 	 0.0309459 
8.68 	 0.0321951 
8.69 	 0.0332836 
8.7 	 0.0341998 
8.71 	 0.0349378 
8.72 	 0.0354964 
8.73 	 0.0358789 
8.74 	 0.0360922 
8.75 	 0.0361467 
8.76 	 0.036056 
8.77 	 0.0358372 
8.78 	 0.0355102 
8.79 	 0.035096 
8.8 	 0.0346146 
8.81 	 0.0340819 
8.82 	 0.0335087 
8.83 	 0.0329006 
8.84 	 0.0322593 
8.85 	 0.0315854 
8.86 	 0.0308813 
8.87 	 0.0301527 
8.88 	 0.029409 
8.89 	 0.028662 
8.9 	 0.0279246 
8.91 	 0.0272095 
8.92 	 0.0265288 
8.93 	 0.0258939 
8.94 	 0.0253166 
8.95 	 0.0248095 
8.96 	 0.0243873 
8.97 	 0.0240669 
8.98 	 0.0238673 
8.99 	 0.0238077 
9.0 	 0.0239061 
9.01 	 0.0241772 
9.02 	 0.0246314 
9.03 	 0.0252748 
9.04 	 0.0261098 
9.05 	 0.0271363 
9.06 	 0.0283522 
9.07 	 0.0297526 
9.08 	 0.0313287 
9.09 	 0.0330656 
9.1 	 0.0349417 
9.11 	 0.0369289 
9.12 	 0.0389948 
9.13 	 0.0411052 
9.14 	 0.0432275 
9.15 	 0.0453327 
9.16 	 0.0473962 
9.17 	 0.0493983 
9.18 	 0.0513218 
9.19 	 0.0531505 
9.2 	 0.0548677 
9.21 	 0.0564546 
9.22 	 0.0578908 
9.23 	 0.059155 
9.24 	 0.0602262 
9.25 	 0.0610852 
9.26 	 0.0617156 
9.27 	 0.0621042 
9.28 	 0.0622416 
9.29 	 0.0621214 
9.3 	 0.06174 
9.31 	 0.0610956 
9.32 	 0.0601874 
9.33 	 0.0590158 
9.34 	 0.0575818 
9.35 	 0.0558876 
9.36 	 0.0539363 
9.37 	 0.0517322 
9.38 	 0.0492815 
9.39 	 0.0465917 
9.4 	 0.0436727 
9.41 	 0.0405378 
9.42 	 0.0372044 
9.43 	 0.0336956 
9.44 	 0.0300412 
9.45 	 0.0262781 
9.46 	 0.0224499 
9.47 	 0.0186052 
9.48 	 0.0147943 
9.49 	 0.011063 
9.5 	 0.0074456 
9.51 	 0.0039602 
9.52 	 0.000607 
9.53 	 -0.0026289 
9.54 	 -0.0057704 
9.55 	 -0.0088416 
9.56 	 -0.0118607 
9.57 	 -0.0148354 
9.58 	 -0.0177608 
9.59 	 -0.0206205 
9.6 	 -0.0233893 
9.61 	 -0.0260376 
9.62 	 -0.0285368 
9.63 	 -0.0308639 
9.64 	 -0.0330061 
9.65 	 -0.0349632 
9.66 	 -0.0367479 
9.67 	 -0.0383837 
9.68 	 -0.0399001 
9.69 	 -0.0413277 
9.7 	 -0.0426933 
9.71 	 -0.0440155 
9.72 	 -0.0453022 
9.73 	 -0.0465503 
9.74 	 -0.047746 
9.75 	 -0.0488687 
9.76 	 -0.0498946 
9.77 	 -0.0508013 
9.78 	 -0.0515706 
9.79 	 -0.052191 
9.8 	 -0.0526578 
9.81 	 -0.052972 
9.82 	 -0.0531396 
9.83 	 -0.0531696 
9.84 	 -0.0530735 
9.85 	 -0.0528642 
9.86 	 -0.0525547 
9.87 	 -0.0521573 
9.88 	 -0.0516819 
9.89 	 -0.0511361 
9.9 	 -0.0505245 
9.91 	 -0.0498491 
9.92 	 -0.04911 
9.93 	 -0.0483056 
9.94 	 -0.047433 
9.95 	 -0.046488 
9.96 	 -0.0454663 
9.97 	 -0.0443645 
9.98 	 -0.0431815 
9.99 	 -0.0419203 
10.0 	 -0.0405886 
10.01 	 -0.0391993 
10.02 	 -0.0377699 
10.03 	 -0.0363207 
10.04 	 -0.0348733 
10.05 	 -0.0334489 
10.06 	 -0.0320661 
10.07 	 -0.0307401 
10.08 	 -0.0294819 
10.09 	 -0.0282986 
10.1 	 -0.0271939 
10.11 	 -0.0261693 
10.12 	 -0.0252258 
10.13 	 -0.0243641 
10.14 	 -0.0235857 
10.15 	 -0.0228929 
10.16 	 -0.022288 
10.17 	 -0.0217731 
10.18 	 -0.0213487 
10.19 	 -0.021013 
10.2 	 -0.0207606 
10.21 	 -0.0205816 
10.22 	 -0.0204611 
10.23 	 -0.0203797 
10.24 	 -0.0203144 
10.25 	 -0.0202407 
10.26 	 -0.0201347 
10.27 	 -0.0199756 
10.28 	 -0.0197475 
10.29 	 -0.0194409 
10.3 	 -0.0190533 
10.31 	 -0.0185894 
10.32 	 -0.0180607 
10.33 	 -0.0174839 
10.34 	 -0.0168789 
10.35 	 -0.0162672 
10.36 	 -0.0156687 
10.37 	 -0.0150999 
10.38 	 -0.0145719 
10.39 	 -0.0140892 
10.4 	 -0.0136493 
10.41 	 -0.0132437 
10.42 	 -0.0128593 
10.43 	 -0.0124809 
10.44 	 -0.0120932 
10.45 	 -0.0116835 
10.46 	 -0.0112419 
10.47 	 -0.0107626 
10.48 	 -0.0102425 
10.49 	 -0.0096806 
10.5 	 -0.0090774 
10.51 	 -0.0084336 
10.52 	 -0.0077502 
10.53 	 -0.007028 
10.54 	 -0.0062678 
10.55 	 -0.0054707 
10.56 	 -0.0046375 
10.57 	 -0.003769 
10.58 	 -0.0028653 
10.59 	 -0.0019253 
10.6 	 -0.0009457 
10.61 	 7.88e-05 
10.62 	 0.0011561 
10.63 	 0.0022953 
10.64 	 0.0035054 
10.65 	 0.0047938 
10.66 	 0.006164 
10.67 	 0.007614 
10.68 	 0.0091351 
10.69 	 0.0107121 
10.7 	 0.0123248 
10.71 	 0.0139497 
10.72 	 0.0155627 
10.73 	 0.0171411 
10.74 	 0.0186649 
10.75 	 0.0201178 
10.76 	 0.0214869 
10.77 	 0.022763 
10.78 	 0.0239392 
10.79 	 0.0250111 
10.8 	 0.0259766 
10.81 	 0.0268364 
10.82 	 0.027595 
10.83 	 0.0282618 
10.84 	 0.0288518 
10.85 	 0.0293844 
10.86 	 0.0298831 
10.87 	 0.030372 
10.88 	 0.0308737 
10.89 	 0.0314059 
10.9 	 0.0319776 
10.91 	 0.0325871 
10.92 	 0.033221 
10.93 	 0.0338559 
10.94 	 0.0344613 
10.95 	 0.0350048 
10.96 	 0.0354552 
10.97 	 0.0357862 
10.98 	 0.0359779 
10.99 	 0.0360166 
11.0 	 0.0358944 
11.01 	 0.0356079 
11.02 	 0.0351569 
11.03 	 0.0345441 
11.04 	 0.0337746 
11.05 	 0.032857 
11.06 	 0.0318039 
11.07 	 0.0306325 
11.08 	 0.0293646 
11.09 	 0.0280258 
11.1 	 0.0266441 
11.11 	 0.0252484 
11.12 	 0.0238662 
11.13 	 0.022522 
11.14 	 0.0212352 
11.15 	 0.0200187 
11.16 	 0.0188786 
11.17 	 0.0178138 
11.18 	 0.0168174 
11.19 	 0.0158789 
11.2 	 0.0149864 
11.21 	 0.0141284 
11.22 	 0.0132951 
11.23 	 0.0124782 
11.24 	 0.01167 
11.25 	 0.0108632 
11.26 	 0.0100499 
11.27 	 0.0092222 
11.28 	 0.0083727 
11.29 	 0.0074952 
11.3 	 0.0065862 
11.31 	 0.0056448 
11.32 	 0.0046741 
11.33 	 0.0036808 
11.34 	 0.0026755 
11.35 	 0.0016721 
11.36 	 0.0006875 
11.37 	 -0.00026 
11.38 	 -0.0011521 
11.39 	 -0.0019732 
11.4 	 -0.0027122 
11.41 	 -0.0033648 
11.42 	 -0.0039347 
11.43 	 -0.0044332 
11.44 	 -0.004878 
11.45 	 -0.0052908 
11.46 	 -0.005694 
11.47 	 -0.0061077 
11.48 	 -0.0065477 
11.49 	 -0.0070241 
11.5 	 -0.0075414 
11.51 	 -0.0080992 
11.52 	 -0.0086937 
11.53 	 -0.0093186 
11.54 	 -0.0099665 
11.55 	 -0.0106298 
11.56 	 -0.0113013 
11.57 	 -0.0119748 
11.58 	 -0.0126459 
11.59 	 -0.0133117 
11.6 	 -0.013971 
11.61 	 -0.0146242 
11.62 	 -0.0152726 
11.63 	 -0.0159181 
11.64 	 -0.0165627 
11.65 	 -0.0172076 
11.66 	 -0.0178528 
11.67 	 -0.0184969 
11.68 	 -0.0191361 
11.69 	 -0.0197645 
11.7 	 -0.0203738 
11.71 	 -0.0209534 
11.72 	 -0.0214908 
11.73 	 -0.0219718 
11.74 	 -0.0223809 
11.75 	 -0.0227021 
11.76 	 -0.0229199 
11.77 	 -0.0230203 
11.78 	 -0.0229923 
11.79 	 -0.0228279 
11.8 	 -0.0225233 
11.81 	 -0.0220778 
11.82 	 -0.0214936 
11.83 	 -0.0207749 
11.84 	 -0.0199272 
11.85 	 -0.018957 
11.86 	 -0.0178722 
11.87 	 -0.0166823 
11.88 	 -0.0153986 
11.89 	 -0.0140338 
11.9 	 -0.0126011 
11.91 	 -0.0111133 
11.92 	 -0.0095818 
11.93 	 -0.0080163 
11.94 	 -0.0064253 
11.95 	 -0.0048168 
11.96 	 -0.0031991 
11.97 	 -0.0015813 
11.98 	 2.67e-05 
11.99 	 0.0016145 
12.0 	 0.0031718 
12.01 	 0.004688 
12.02 	 0.0061533 
12.03 	 0.0075583 
12.04 	 0.0088945 
12.05 	 0.0101537 
12.06 	 0.0113284 
12.07 	 0.0124109 
12.08 	 0.0133934 
12.09 	 0.014268 
12.1 	 0.0150267 
12.11 	 0.0156621 
12.12 	 0.0161672 
12.13 	 0.0165363 
12.14 	 0.0167646 
12.15 	 0.0168484 
12.16 	 0.0167855 
12.17 	 0.0165751 
12.18 	 0.0162182 
12.19 	 0.0157178 
12.2 	 0.0150796 
12.21 	 0.0143114 
12.22 	 0.0134233 
12.23 	 0.012427 
12.24 	 0.0113354 
12.25 	 0.0101612 
12.26 	 0.0089168 
12.27 	 0.0076131 
12.28 	 0.0062595 
12.29 	 0.0048646 
12.3 	 0.0034364 
12.31 	 0.0019832 
12.32 	 0.0005145 
12.33 	 -0.0009592 
12.34 	 -0.0024266 
12.35 	 -0.0038766 
12.36 	 -0.0052988 
12.37 	 -0.0066844 
12.38 	 -0.0080258 
12.39 	 -0.0093162 
12.4 	 -0.0105486 
12.41 	 -0.0117149 
12.42 	 -0.0128049 
12.43 	 -0.0138062 
12.44 	 -0.0147044 
12.45 	 -0.0154841 
12.46 	 -0.0161301 
12.47 	 -0.0166287 
12.48 	 -0.0169693 
12.49 	 -0.0171463 
12.5 	 -0.0171598 
12.51 	 -0.0170173 
12.52 	 -0.016734 
12.53 	 -0.0163328 
12.54 	 -0.0158429 
12.55 	 -0.015297 
12.56 	 -0.0147287 
12.57 	 -0.0141692 
12.58 	 -0.0136453 
12.59 	 -0.0131777 
12.6 	 -0.0127811 
12.61 	 -0.0124641 
12.62 	 -0.0122302 
12.63 	 -0.0120779 
12.64 	 -0.0120012 
12.65 	 -0.0119889 
12.66 	 -0.0120251 
12.67 	 -0.0120898 
12.68 	 -0.0121606 
12.69 	 -0.0122149 
12.7 	 -0.0122332 
12.71 	 -0.0122013 
12.72 	 -0.0121124 
12.73 	 -0.0119682 
12.74 	 -0.0117786 
12.75 	 -0.0115602 
12.76 	 -0.0113339 
12.77 	 -0.0111227 
12.78 	 -0.0109485 
12.79 	 -0.0108303 
12.8 	 -0.010783 
12.81 	 -0.0108167 
12.82 	 -0.0109374 
12.83 	 -0.011147 
12.84 	 -0.0114444 
12.85 	 -0.0118251 
12.86 	 -0.0122811 
12.87 	 -0.0128007 
12.88 	 -0.0133688 
12.89 	 -0.0139675 
12.9 	 -0.0145777 
12.91 	 -0.0151802 
12.92 	 -0.015758 
12.93 	 -0.0162974 
12.94 	 -0.0167896 
12.95 	 -0.017231 
12.96 	 -0.0176235 
12.97 	 -0.0179732 
12.98 	 -0.0182892 
12.99 	 -0.0185814 
13.0 	 -0.0188592 
13.01 	 -0.0191301 
13.02 	 -0.0193994 
13.03 	 -0.0196706 
13.04 	 -0.0199455 
13.05 	 -0.0202254 
13.06 	 -0.0205114 
13.07 	 -0.0208049 
13.08 	 -0.0211078 
13.09 	 -0.0214224 
13.1 	 -0.021751 
13.11 	 -0.0220958 
13.12 	 -0.0224581 
13.13 	 -0.0228381 
13.14 	 -0.0232348 
13.15 	 -0.0236458 
13.16 	 -0.024068 
13.17 	 -0.0244979 
13.18 	 -0.0249319 
13.19 	 -0.0253674 
13.2 	 -0.0258022 
13.21 	 -0.0262351 
13.22 	 -0.0266654 
13.23 	 -0.0270934 
13.24 	 -0.0275202 
13.25 	 -0.0279476 
13.26 	 -0.0283786 
13.27 	 -0.0288166 
13.28 	 -0.0292658 
13.29 	 -0.02973 
13.3 	 -0.0302121 
13.31 	 -0.0307136 
13.32 	 -0.0312336 
13.33 	 -0.0317686 
13.34 	 -0.032312 
13.35 	 -0.0328541 
13.36 	 -0.0333825 
13.37 	 -0.0338827 
13.38 	 -0.0343388 
13.39 	 -0.034735 
13.4 	 -0.0350563 
13.41 	 -0.0352907 
13.42 	 -0.0354301 
13.43 	 -0.0354718 
13.44 	 -0.0354196 
13.45 	 -0.0352837 
13.46 	 -0.0350803 
13.47 	 -0.0348297 
13.48 	 -0.0345546 
13.49 	 -0.0342779 
13.5 	 -0.03402 
13.51 	 -0.033798 
13.52 	 -0.0336243 
13.53 	 -0.0335068 
13.54 	 -0.0334494 
13.55 	 -0.0334531 
13.56 	 -0.0335171 
13.57 	 -0.0336393 
13.58 	 -0.0338175 
13.59 	 -0.0340496 
13.6 	 -0.0343335 
13.61 	 -0.0346681 
13.62 	 -0.0350527 
13.63 	 -0.0354875 
13.64 	 -0.0359735 
13.65 	 -0.0365121 
13.66 	 -0.0371047 
13.67 	 -0.0377519 
13.68 	 -0.0384532 
13.69 	 -0.0392061 
13.7 	 -0.040006 
13.71 	 -0.0408462 
13.72 	 -0.0417179 
13.73 	 -0.0426108 
13.74 	 -0.0435137 
13.75 	 -0.0444153 
13.76 	 -0.0453044 
13.77 	 -0.0461715 
13.78 	 -0.047008 
13.79 	 -0.047807 
13.8 	 -0.0485626 
13.81 	 -0.0492693 
13.82 	 -0.0499218 
13.83 	 -0.0505144 
13.84 	 -0.0510413 
13.85 	 -0.0514963 
13.86 	 -0.0518736 
13.87 	 -0.0521675 
13.88 	 -0.052373 
13.89 	 -0.0524855 
13.9 	 -0.0525017 
13.91 	 -0.0524191 
13.92 	 -0.0522371 
13.93 	 -0.0519574 
13.94 	 -0.0515846 
13.95 	 -0.0511262 
13.96 	 -0.0505926 
13.97 	 -0.0499956 
13.98 	 -0.0493469 
13.99 	 -0.0486564 
14.0 	 -0.0479311 
14.01 	 -0.0471748 
14.02 	 -0.0463884 
14.03 	 -0.0455698 
14.04 	 -0.0447155 
14.05 	 -0.043821 
14.06 	 -0.0428821 
14.07 	 -0.0418958 
14.08 	 -0.0408619 
14.09 	 -0.0397836 
14.1 	 -0.0386678 
14.11 	 -0.0375254 
14.12 	 -0.0363699 
14.13 	 -0.0352165 
14.14 	 -0.0340805 
14.15 	 -0.0329759 
14.16 	 -0.0319146 
14.17 	 -0.0309056 
14.18 	 -0.0299549 
14.19 	 -0.0290658 
14.2 	 -0.0282386 
14.21 	 -0.0274714 
14.22 	 -0.0267605 
14.23 	 -0.0261011 
14.24 	 -0.0254881 
14.25 	 -0.0249168 
14.26 	 -0.0243846 
14.27 	 -0.0238907 
14.28 	 -0.0234371 
14.29 	 -0.0230284 
14.3 	 -0.0226711 
14.31 	 -0.0223726 
14.32 	 -0.0221405 
14.33 	 -0.0219809 
14.34 	 -0.0218982 
14.35 	 -0.0218941 
14.36 	 -0.0219672 
14.37 	 -0.0221126 
14.38 	 -0.0223214 
14.39 	 -0.0225803 
14.4 	 -0.0228718 
14.41 	 -0.0231747 
14.42 	 -0.0234652 
14.43 	 -0.023718 
14.44 	 -0.0239076 
14.45 	 -0.0240091 
14.46 	 -0.024 
14.47 	 -0.0238609 
14.48 	 -0.0235768 
14.49 	 -0.023138 
14.5 	 -0.022541 
14.51 	 -0.0217878 
14.52 	 -0.020886 
14.53 	 -0.0198475 
14.54 	 -0.0186875 
14.55 	 -0.0174227 
14.56 	 -0.0160703 
14.57 	 -0.0146466 
14.58 	 -0.013167 
14.59 	 -0.0116454 
14.6 	 -0.0100944 
14.61 	 -0.0085257 
14.62 	 -0.0069502 
14.63 	 -0.0053788 
14.64 	 -0.0038219 
14.65 	 -0.0022893 
14.66 	 -0.00079 
14.67 	 0.0006688 
14.68 	 0.002082 
14.69 	 0.0034471 
14.7 	 0.0047642 
14.71 	 0.0060356 
14.72 	 0.007266 
14.73 	 0.008461 
14.74 	 0.0096268 
14.75 	 0.0107694 
14.76 	 0.0118933 
14.77 	 0.0130016 
14.78 	 0.0140954 
14.79 	 0.0151735 
14.8 	 0.0162327 
14.81 	 0.0172678 
14.82 	 0.0182721 
14.83 	 0.0192386 
14.84 	 0.0201605 
14.85 	 0.0210322 
14.86 	 0.0218498 
14.87 	 0.0226111 
14.88 	 0.0233153 
14.89 	 0.0239625 
14.9 	 0.0245534 
14.91 	 0.0250885 
14.92 	 0.0255684 
14.93 	 0.0259936 
14.94 	 0.0263647 
14.95 	 0.0266827 
14.96 	 0.0269496 
14.97 	 0.0271682 
14.98 	 0.0273424 
14.99 	 0.0274768 
15.0 	 0.0275757 
15.01 	 0.0276435 
15.02 	 0.0276829 
15.03 	 0.0276955 
15.04 	 0.0276811 
15.05 	 0.0276381 
15.06 	 0.0275638 
15.07 	 0.0274549 
15.08 	 0.0273084 
15.09 	 0.0271218 
15.1 	 0.0268938 
15.11 	 0.0266246 
15.12 	 0.0263162 
15.13 	 0.0259721 
15.14 	 0.0255974 
15.15 	 0.0251983 
15.16 	 0.0247815 
15.17 	 0.0243535 
15.18 	 0.0239199 
15.19 	 0.023485 
15.2 	 0.0230514 
15.21 	 0.02262 
15.22 	 0.0221896 
15.23 	 0.0217579 
15.24 	 0.0213213 
15.25 	 0.0208755 
15.26 	 0.020416 
15.27 	 0.0199385 
15.28 	 0.0194387 
15.29 	 0.0189125 
15.3 	 0.0183562 
15.31 	 0.0177664 
15.32 	 0.0171403 
15.33 	 0.0164759 
15.34 	 0.0157732 
15.35 	 0.0150341 
15.36 	 0.0142629 
15.37 	 0.0134669 
15.38 	 0.0126556 
15.39 	 0.0118406 
15.4 	 0.0110344 
15.41 	 0.0102496 
15.42 	 0.0094977 
15.43 	 0.0087877 
15.44 	 0.0081259 
15.45 	 0.0075152 
15.46 	 0.0069553 
15.47 	 0.0064431 
15.48 	 0.0059735 
15.49 	 0.0055394 
15.5 	 0.0051327 
15.51 	 0.0047446 
15.52 	 0.0043659 
15.53 	 0.0039876 
15.54 	 0.003601 
15.55 	 0.0031985 
15.56 	 0.0027738 
15.57 	 0.002322 
15.58 	 0.00184 
15.59 	 0.0013258 
15.6 	 0.0007784 
15.61 	 0.0001974 
15.62 	 -0.0004177 
15.63 	 -0.0010672 
15.64 	 -0.0017514 
15.65 	 -0.0024703 
15.66 	 -0.0032232 
15.67 	 -0.0040076 
15.68 	 -0.0048194 
15.69 	 -0.0056523 
15.7 	 -0.0064982 
15.71 	 -0.0073481 
15.72 	 -0.0081932 
15.73 	 -0.0090255 
15.74 	 -0.0098384 
15.75 	 -0.0106267 
15.76 	 -0.0113864 
15.77 	 -0.0121143 
15.78 	 -0.0128077 
15.79 	 -0.013464 
15.8 	 -0.014081 
15.81 	 -0.0146568 
15.82 	 -0.0151904 
15.83 	 -0.0156816 
15.84 	 -0.0161317 
15.85 	 -0.0165435 
15.86 	 -0.0169212 
15.87 	 -0.01727 
15.88 	 -0.0175961 
15.89 	 -0.0179055 
15.9 	 -0.0182037 
15.91 	 -0.018495 
15.92 	 -0.0187818 
15.93 	 -0.019065 
15.94 	 -0.0193438 
15.95 	 -0.0196161 
15.96 	 -0.0198793 
15.97 	 -0.0201306 
15.98 	 -0.0203674 
15.99 	 -0.0205877 
16.0 	 -0.02079 
16.01 	 -0.0209737 
16.02 	 -0.0211389 
16.03 	 -0.0212863 
16.04 	 -0.0214169 
16.05 	 -0.0215318 
16.06 	 -0.0216317 
16.07 	 -0.0217169 
16.08 	 -0.0217863 
16.09 	 -0.021838 
16.1 	 -0.0218688 
16.11 	 -0.0218751 
16.12 	 -0.0218528 
16.13 	 -0.0217986 
16.14 	 -0.02171 
16.15 	 -0.021586 
16.16 	 -0.0214276 
16.17 	 -0.0212375 
16.18 	 -0.0210201 
16.19 	 -0.0207811 
16.2 	 -0.0205263 
16.21 	 -0.0202617 
16.22 	 -0.0199925 
16.23 	 -0.0197226 
16.24 	 -0.0194552 
16.25 	 -0.0191924 
16.26 	 -0.0189354 
16.27 	 -0.0186849 
16.28 	 -0.0184407 
16.29 	 -0.0182018 
16.3 	 -0.0179667 
16.31 	 -0.0177327 
16.32 	 -0.0174971 
16.33 	 -0.0172566 
16.34 	 -0.0170081 
16.35 	 -0.0167486 
16.36 	 -0.0164755 
16.37 	 -0.016186 
16.38 	 -0.0158772 
16.39 	 -0.0155459 
16.4 	 -0.0151886 
16.41 	 -0.0148017 
16.42 	 -0.0143822 
16.43 	 -0.0139283 
16.44 	 -0.0134397 
16.45 	 -0.0129181 
16.46 	 -0.0123669 
16.47 	 -0.0117911 
16.48 	 -0.0111969 
16.49 	 -0.0105909 
16.5 	 -0.0099803 
16.51 	 -0.0093717 
16.52 	 -0.0087709 
16.53 	 -0.0081824 
16.54 	 -0.0076095 
16.55 	 -0.0070535 
16.56 	 -0.0065144 
16.57 	 -0.0059904 
16.58 	 -0.0054785 
16.59 	 -0.004974 
16.6 	 -0.004471 
16.61 	 -0.0039625 
16.62 	 -0.0034409 
16.63 	 -0.0028985 
16.64 	 -0.0023286 
16.65 	 -0.0017259 
16.66 	 -0.0010871 
16.67 	 -0.0004108 
16.68 	 0.0003023 
16.69 	 0.0010498 
16.7 	 0.0018284 
16.71 	 0.002634 
16.72 	 0.0034627 
16.73 	 0.0043106 
16.74 	 0.0051742 
16.75 	 0.0060507 
16.76 	 0.0069372 
16.77 	 0.0078314 
16.78 	 0.0087311 
16.79 	 0.0096342 
16.8 	 0.0105384 
16.81 	 0.0114413 
16.82 	 0.0123408 
16.83 	 0.0132346 
16.84 	 0.0141211 
16.85 	 0.0149992 
16.86 	 0.0158683 
16.87 	 0.0167286 
16.88 	 0.0175805 
16.89 	 0.0184248 
16.9 	 0.0192622 
16.91 	 0.0200933 
16.92 	 0.0209192 
16.93 	 0.0217408 
16.94 	 0.0225594 
16.95 	 0.0233764 
16.96 	 0.0241934 
16.97 	 0.0250118 
16.98 	 0.0258327 
16.99 	 0.0266564 
17.0 	 0.0274825 
17.01 	 0.0283096 
17.02 	 0.0291352 
17.03 	 0.0299562 
17.04 	 0.0307685 
17.05 	 0.0315677 
17.06 	 0.032349 
17.07 	 0.0331072 
17.08 	 0.0338376 
17.09 	 0.0345355 
17.1 	 0.0351966 
17.11 	 0.0358174 
17.12 	 0.0363951 
17.13 	 0.0369276 
17.14 	 0.0374138 
17.15 	 0.0378538 
17.16 	 0.0382488 
17.17 	 0.0386011 
17.18 	 0.0389141 
17.19 	 0.0391921 
17.2 	 0.0394398 
17.21 	 0.0396627 
17.22 	 0.0398659 
17.23 	 0.0400545 
17.24 	 0.0402327 
17.25 	 0.0404039 
17.26 	 0.0405702 
17.27 	 0.0407327 
17.28 	 0.0408916 
17.29 	 0.0410462 
17.3 	 0.0411958 
17.31 	 0.0413396 
17.32 	 0.041477 
17.33 	 0.041608 
17.34 	 0.0417326 
17.35 	 0.0418505 
17.36 	 0.0419611 
17.37 	 0.0420629 
17.38 	 0.0421537 
17.39 	 0.0422303 
17.4 	 0.042289 
17.41 	 0.0423254 
17.42 	 0.0423352 
17.43 	 0.0423141 
17.44 	 0.0422581 
17.45 	 0.0421638 
17.46 	 0.042028 
17.47 	 0.0418479 
17.48 	 0.0416214 
17.49 	 0.0413467 
17.5 	 0.0410223 
17.51 	 0.040648 
17.52 	 0.0402242 
17.53 	 0.0397524 
17.54 	 0.0392353 
17.55 	 0.0386764 
17.56 	 0.0380802 
17.57 	 0.037451 
17.58 	 0.0367938 
17.59 	 0.0361133 
17.6 	 0.0354143 
17.61 	 0.0347018 
17.62 	 0.0339805 
17.63 	 0.0332552 
17.64 	 0.0325307 
17.65 	 0.031811 
17.66 	 0.0311001 
17.67 	 0.0304009 
17.68 	 0.0297158 
17.69 	 0.0290467 
17.7 	 0.0283946 
17.71 	 0.0277605 
17.72 	 0.0271446 
17.73 	 0.0265475 
17.74 	 0.0259695 
17.75 	 0.0254117 
17.76 	 0.0248755 
17.77 	 0.0243635 
17.78 	 0.0238793 
17.79 	 0.0234276 
17.8 	 0.0230138 
17.81 	 0.0226436 
17.82 	 0.0223224 
17.83 	 0.0220547 
17.84 	 0.0218433 
17.85 	 0.0216893 
17.86 	 0.0215917 
17.87 	 0.0215477 
17.88 	 0.0215527 
17.89 	 0.021601 
17.9 	 0.0216866 
17.91 	 0.0218036 
17.92 	 0.0219467 
17.93 	 0.0221118 
17.94 	 0.0222958 
17.95 	 0.0224965 
17.96 	 0.0227124 
17.97 	 0.0229421 
17.98 	 0.0231842 
17.99 	 0.0234371 
18.0 	 0.0236981 
18.01 	 0.0239644 
18.02 	 0.0242321 
18.03 	 0.0244969 
18.04 	 0.0247542 
18.05 	 0.024999 
18.06 	 0.0252265 
18.07 	 0.0254316 
18.08 	 0.0256096 
18.09 	 0.0257562 
18.1 	 0.025868 
18.11 	 0.0259426 
18.12 	 0.0259792 
18.13 	 0.025979 
18.14 	 0.0259448 
18.15 	 0.0258816 
18.16 	 0.0257951 
18.17 	 0.0256923 
18.18 	 0.0255796 
18.19 	 0.0254633 
18.2 	 0.0253482 
18.21 	 0.0252373 
18.22 	 0.0251318 
18.23 	 0.0250306 
18.24 	 0.0249312 
18.25 	 0.0248296 
18.26 	 0.0247214 
18.27 	 0.0246025 
18.28 	 0.0244696 
18.29 	 0.0243207 
18.3 	 0.0241558 
18.31 	 0.0239764 
18.32 	 0.0237861 
18.33 	 0.0235897 
18.34 	 0.0233929 
18.35 	 0.0232019 
18.36 	 0.0230223 
18.37 	 0.0228586 
18.38 	 0.0227141 
18.39 	 0.0225903 
18.4 	 0.0224874 
18.41 	 0.0224045 
18.42 	 0.0223396 
18.43 	 0.0222909 
18.44 	 0.0222563 
18.45 	 0.0222342 
18.46 	 0.0222236 
18.47 	 0.0222241 
18.48 	 0.0222362 
18.49 	 0.0222608 
18.5 	 0.0222994 
18.51 	 0.0223535 
18.52 	 0.0224247 
18.53 	 0.022514 
18.54 	 0.0226218 
18.55 	 0.0227475 
18.56 	 0.0228895 
18.57 	 0.0230449 
18.58 	 0.0232098 
18.59 	 0.0233791 
18.6 	 0.0235471 
18.61 	 0.0237077 
18.62 	 0.0238552 
18.63 	 0.0239845 
18.64 	 0.024092 
18.65 	 0.0241754 
18.66 	 0.0242337 
18.67 	 0.0242672 
18.68 	 0.0242771 
18.69 	 0.0242648 
18.7 	 0.0242325 
18.71 	 0.024182 
18.72 	 0.0241158 
18.73 	 0.0240362 
18.74 	 0.0239457 
18.75 	 0.0238471 
18.76 	 0.023743 
18.77 	 0.0236361 
18.78 	 0.0235285 
18.79 	 0.023422 
18.8 	 0.0233177 
18.81 	 0.023216 
18.82 	 0.0231161 
18.83 	 0.0230168 
18.84 	 0.0229162 
18.85 	 0.022812 
18.86 	 0.0227021 
18.87 	 0.0225846 
18.88 	 0.0224587 
18.89 	 0.0223244 
18.9 	 0.0221832 
18.91 	 0.0220376 
18.92 	 0.0218911 
18.93 	 0.0217479 
18.94 	 0.0216124 
18.95 	 0.0214889 
18.96 	 0.0213813 
18.97 	 0.021293 
18.98 	 0.0212265 
18.99 	 0.0211831 
19.0 	 0.0211625 
19.01 	 0.0211629 
19.02 	 0.021181 
19.03 	 0.021212 
19.04 	 0.0212498 
19.05 	 0.0212874 
19.06 	 0.0213174 
19.07 	 0.021332 
19.08 	 0.0213239 
19.09 	 0.0212862 
19.1 	 0.0212134 
19.11 	 0.0211015 
19.12 	 0.0209481 
19.13 	 0.0207531 
19.14 	 0.0205182 
19.15 	 0.0202468 
19.16 	 0.0199436 
19.17 	 0.0196141 
19.18 	 0.0192637 
19.19 	 0.0188971 
19.2 	 0.0185181 
19.21 	 0.0181283 
19.22 	 0.0177279 
19.23 	 0.0173153 
19.24 	 0.016888 
19.25 	 0.016443 
19.26 	 0.0159775 
19.27 	 0.0154897 
19.28 	 0.0149786 
19.29 	 0.0144446 
19.3 	 0.0138885 
19.31 	 0.0133118 
19.32 	 0.0127159 
19.33 	 0.0121019 
19.34 	 0.0114708 
19.35 	 0.0108235 
19.36 	 0.0101613 
19.37 	 0.0094865 
19.38 	 0.0088024 
19.39 	 0.0081143 
19.4 	 0.0074285 
19.41 	 0.0067529 
19.42 	 0.0060955 
19.43 	 0.0054646 
19.44 	 0.0048673 
19.45 	 0.0043097 
19.46 	 0.0037957 
19.47 	 0.0033276 
19.48 	 0.0029053 
19.49 	 0.002527 
19.5 	 0.0021891 
19.51 	 0.0018864 
19.52 	 0.0016135 
19.53 	 0.0013644 
19.54 	 0.0011339 
19.55 	 0.0009176 
19.56 	 0.0007124 
19.57 	 0.0005168 
19.58 	 0.000331 
19.59 	 0.0001565 
19.6 	 -4e-06 
19.61 	 -0.0001477 
19.62 	 -0.0002717 
19.63 	 -0.0003739 
19.64 	 -0.0004535 
19.65 	 -0.0005108 
19.66 	 -0.0005471 
19.67 	 -0.000565 
19.68 	 -0.0005677 
19.69 	 -0.0005588 
19.7 	 -0.0005423 
19.71 	 -0.0005219 
19.72 	 -0.0005016 
19.73 	 -0.0004848 
19.74 	 -0.0004747 
19.75 	 -0.000474 
19.76 	 -0.0004848 
19.77 	 -0.0005085 
19.78 	 -0.0005456 
19.79 	 -0.0005958 
19.8 	 -0.000658 
19.81 	 -0.0007303 
19.82 	 -0.00081 
19.83 	 -0.0008944 
19.84 	 -0.0009806 
19.85 	 -0.0010662 
19.86 	 -0.0011498 
19.87 	 -0.0012317 
19.88 	 -0.0013138 
19.89 	 -0.0014001 
19.9 	 -0.0014963 
19.91 	 -0.0016098 
19.92 	 -0.0017486 
19.93 	 -0.0019212 
19.94 	 -0.0021353 
19.95 	 -0.0023976 
19.96 	 -0.0027134 
19.97 	 -0.0030863 
19.98 	 -0.0035185 
19.99 	 -0.0040107 
20.0 	 -0.0045621 
20.01 	 -0.0051703 
20.02 	 -0.005831 
20.03 	 -0.0065382 
20.04 	 -0.0072846 
20.05 	 -0.0080617 
20.06 	 -0.008861 
20.07 	 -0.0096747 
20.08 	 -0.0104963 
20.09 	 -0.0113213 
20.1 	 -0.0121465 
20.11 	 -0.0129705 
20.12 	 -0.0137927 
20.13 	 -0.0146131 
20.14 	 -0.0154319 
20.15 	 -0.0162493 
20.16 	 -0.0170646 
20.17 	 -0.0178766 
20.18 	 -0.018683 
20.19 	 -0.0194803 
20.2 	 -0.0202645 
20.21 	 -0.0210311 
20.22 	 -0.0217756 
20.23 	 -0.0224938 
20.24 	 -0.0231825 
20.25 	 -0.0238396 
20.26 	 -0.0244639 
20.27 	 -0.0250558 
20.28 	 -0.0256167 
20.29 	 -0.0261486 
20.3 	 -0.0266543 
20.31 	 -0.0271368 
20.32 	 -0.0275987 
20.33 	 -0.028042 
20.34 	 -0.0284676 
20.35 	 -0.0288749 
20.36 	 -0.0292619 
20.37 	 -0.0296249 
20.38 	 -0.0299592 
20.39 	 -0.0302595 
20.4 	 -0.0305204 
20.41 	 -0.0307367 
20.42 	 -0.030904 
20.43 	 -0.0310184 
20.44 	 -0.031077 
20.45 	 -0.0310769 
20.46 	 -0.031016 
20.47 	 -0.0308921 
20.48 	 -0.0307035 
20.49 	 -0.030449 
20.5 	 -0.0301282 
20.51 	 -0.0297415 
20.52 	 -0.0292907 
20.53 	 -0.028779 
20.54 	 -0.0282107 
20.55 	 -0.0275916 
20.56 	 -0.0269286 
20.57 	 -0.0262294 
20.58 	 -0.0255023 
20.59 	 -0.0247558 
20.6 	 -0.0239981 
20.61 	 -0.0232373 
20.62 	 -0.0224805 
20.63 	 -0.0217343 
20.64 	 -0.0210043 
20.65 	 -0.0202951 
20.66 	 -0.0196107 
20.67 	 -0.0189542 
20.68 	 -0.0183282 
20.69 	 -0.0177345 
20.7 	 -0.0171745 
20.71 	 -0.0166493 
20.72 	 -0.0161592 
20.73 	 -0.0157041 
20.74 	 -0.0152835 
20.75 	 -0.0148964 
20.76 	 -0.0145412 
20.77 	 -0.014216 
20.78 	 -0.0139184 
20.79 	 -0.0136458 
20.8 	 -0.0133948 
20.81 	 -0.0131618 
20.82 	 -0.0129423 
20.83 	 -0.0127315 
20.84 	 -0.0125237 
20.85 	 -0.0123131 
20.86 	 -0.0120941 
20.87 	 -0.0118612 
20.88 	 -0.0116103 
20.89 	 -0.0113382 
20.9 	 -0.0110437 
20.91 	 -0.0107267 
20.92 	 -0.0103888 
20.93 	 -0.010033 
20.94 	 -0.0096629 
20.95 	 -0.0092828 
20.96 	 -0.0088969 
20.97 	 -0.0085093 
20.98 	 -0.0081239 
20.99 	 -0.0077439 
21.0 	 -0.0073723 
21.01 	 -0.0070118 
21.02 	 -0.0066649 
21.03 	 -0.0063339 
21.04 	 -0.0060213 
21.05 	 -0.0057288 
21.06 	 -0.0054578 
21.07 	 -0.0052089 
21.08 	 -0.0049814 
21.09 	 -0.0047735 
21.1 	 -0.0045822 
21.11 	 -0.0044035 
21.12 	 -0.0042329 
21.13 	 -0.0040658 
21.14 	 -0.0038977 
21.15 	 -0.0037249 
21.16 	 -0.0035443 
21.17 	 -0.0033538 
21.18 	 -0.0031524 
21.19 	 -0.0029398 
21.2 	 -0.0027167 
21.21 	 -0.0024845 
21.22 	 -0.002245 
21.23 	 -0.0020005 
21.24 	 -0.0017534 
21.25 	 -0.0015058 
21.26 	 -0.0012597 
21.27 	 -0.0010165 
21.28 	 -0.0007772 
21.29 	 -0.0005428 
21.3 	 -0.0003138 
21.31 	 -9.13e-05 
21.32 	 0.0001238 
21.33 	 0.00033 
21.34 	 0.0005258 
21.35 	 0.00071 
21.36 	 0.0008813 
21.37 	 0.0010388 
21.38 	 0.0011824 
21.39 	 0.0013122 
21.4 	 0.0014288 
21.41 	 0.0015329 
21.42 	 0.0016252 
21.43 	 0.001706 
21.44 	 0.0017751 
21.45 	 0.0018316 
21.46 	 0.001874 
21.47 	 0.0019 
21.48 	 0.0019073 
21.49 	 0.0018931 
21.5 	 0.0018547 
21.51 	 0.0017895 
21.52 	 0.0016953 
21.53 	 0.0015699 
21.54 	 0.0014116 
21.55 	 0.0012187 
21.56 	 0.0009899 
21.57 	 0.0007239 
21.58 	 0.0004196 
21.59 	 7.6e-05 
21.6 	 -0.0003075 
21.61 	 -0.0007317 
21.62 	 -0.0011969 
21.63 	 -0.0017028 
21.64 	 -0.0022487 
21.65 	 -0.0028325 
21.66 	 -0.0034512 
21.67 	 -0.0041009 
21.68 	 -0.0047766 
21.69 	 -0.0054728 
21.7 	 -0.0061841 
21.71 	 -0.006905 
21.72 	 -0.0076308 
21.73 	 -0.008357 
21.74 	 -0.00908 
21.75 	 -0.0097968 
21.76 	 -0.0105051 
21.77 	 -0.0112033 
21.78 	 -0.0118908 
21.79 	 -0.0125674 
21.8 	 -0.0132339 
21.81 	 -0.0138912 
21.82 	 -0.0145406 
21.83 	 -0.0151833 
21.84 	 -0.0158202 
21.85 	 -0.0164515 
21.86 	 -0.017077 
21.87 	 -0.0176959 
21.88 	 -0.0183067 
21.89 	 -0.0189073 
21.9 	 -0.0194952 
21.91 	 -0.0200672 
21.92 	 -0.0206201 
21.93 	 -0.0211504 
21.94 	 -0.0216548 
21.95 	 -0.0221305 
21.96 	 -0.0225755 
21.97 	 -0.0229888 
21.98 	 -0.0233707 
21.99 	 -0.023723 
22.0 	 -0.0240487 
22.01 	 -0.0243517 
22.02 	 -0.0246368 
22.03 	 -0.0249084 
22.04 	 -0.0251707 
22.05 	 -0.0254271 
22.06 	 -0.0256801 
22.07 	 -0.0259311 
22.08 	 -0.026181 
22.09 	 -0.0264304 
22.1 	 -0.0266794 
22.11 	 -0.0269284 
22.12 	 -0.027178 
22.13 	 -0.0274293 
22.14 	 -0.0276835 
22.15 	 -0.0279422 
22.16 	 -0.0282073 
22.17 	 -0.0284804 
22.18 	 -0.0287629 
22.19 	 -0.0290555 
22.2 	 -0.0293581 
22.21 	 -0.0296696 
22.22 	 -0.0299878 
22.23 	 -0.0303093 
22.24 	 -0.0306297 
22.25 	 -0.0309434 
22.26 	 -0.031244 
22.27 	 -0.0315247 
22.28 	 -0.031779 
22.29 	 -0.0320008 
22.3 	 -0.0321852 
22.31 	 -0.0323286 
22.32 	 -0.0324293 
22.33 	 -0.0324871 
22.34 	 -0.0325036 
22.35 	 -0.0324817 
22.36 	 -0.0324258 
22.37 	 -0.0323402 
22.38 	 -0.0322294 
22.39 	 -0.0320967 
22.4 	 -0.0319441 
22.41 	 -0.0317714 
22.42 	 -0.0315767 
22.43 	 -0.0313563 
22.44 	 -0.0311059 
22.45 	 -0.0308209 
22.46 	 -0.0304978 
22.47 	 -0.0301342 
22.48 	 -0.0297293 
22.49 	 -0.0292841 
22.5 	 -0.0288008 
22.51 	 -0.0282822 
22.52 	 -0.0277316 
22.53 	 -0.0271521 
22.54 	 -0.0265466 
22.55 	 -0.0259177 
22.56 	 -0.0252678 
22.57 	 -0.0245995 
22.58 	 -0.0239153 
22.59 	 -0.0232182 
22.6 	 -0.0225112 
22.61 	 -0.0217976 
22.62 	 -0.021081 
22.63 	 -0.0203649 
22.64 	 -0.0196524 
22.65 	 -0.0189466 
22.66 	 -0.01825 
22.67 	 -0.0175643 
22.68 	 -0.0168906 
22.69 	 -0.0162297 
22.7 	 -0.0155818 
22.71 	 -0.014947 
22.72 	 -0.0143256 
22.73 	 -0.0137185 
22.74 	 -0.0131267 
22.75 	 -0.0125518 
22.76 	 -0.0119955 
22.77 	 -0.0114595 
22.78 	 -0.0109454 
22.79 	 -0.010454 
22.8 	 -0.0099855 
22.81 	 -0.0095393 
22.82 	 -0.0091135 
22.83 	 -0.0087056 
22.84 	 -0.0083125 
22.85 	 -0.0079308 
22.86 	 -0.0075572 
22.87 	 -0.0071888 
22.88 	 -0.0068236 
22.89 	 -0.0064602 
22.9 	 -0.0060985 
22.91 	 -0.005739 
22.92 	 -0.005383 
22.93 	 -0.0050321 
22.94 	 -0.0046882 
22.95 	 -0.0043531 
22.96 	 -0.0040286 
22.97 	 -0.0037162 
22.98 	 -0.0034172 
22.99 	 -0.0031329 
23.0 	 -0.0028646 
23.01 	 -0.0026142 
23.02 	 -0.0023836 
23.03 	 -0.0021752 
23.04 	 -0.0019914 
23.05 	 -0.0018347 
23.06 	 -0.001707 
23.07 	 -0.00161 
23.08 	 -0.0015446 
23.09 	 -0.0015111 
23.1 	 -0.0015089 
23.11 	 -0.0015372 
23.12 	 -0.0015946 
23.13 	 -0.0016793 
23.14 	 -0.0017897 
23.15 	 -0.0019239 
23.16 	 -0.0020797 
23.17 	 -0.0022551 
23.18 	 -0.0024477 
23.19 	 -0.0026548 
23.2 	 -0.0028733 
23.21 	 -0.0030996 
23.22 	 -0.0033294 
23.23 	 -0.0035582 
23.24 	 -0.003781 
23.25 	 -0.0039925 
23.26 	 -0.0041873 
23.27 	 -0.0043598 
23.28 	 -0.0045048 
23.29 	 -0.0046176 
23.3 	 -0.0046941 
23.31 	 -0.0047314 
23.32 	 -0.0047273 
23.33 	 -0.0046811 
23.34 	 -0.004593 
23.35 	 -0.0044645 
23.36 	 -0.0042978 
23.37 	 -0.0040959 
23.38 	 -0.0038624 
23.39 	 -0.0036012 
23.4 	 -0.0033165 
23.41 	 -0.0030128 
23.42 	 -0.0026945 
23.43 	 -0.0023661 
23.44 	 -0.002032 
23.45 	 -0.0016961 
23.46 	 -0.0013617 
23.47 	 -0.001031 
23.48 	 -0.0007051 
23.49 	 -0.000384 
23.5 	 -6.62e-05 
23.51 	 0.0002504 
23.52 	 0.0005683 
23.53 	 0.0008902 
23.54 	 0.001218 
23.55 	 0.0015529 
23.56 	 0.0018952 
23.57 	 0.0022441 
23.58 	 0.0025977 
23.59 	 0.0029539 
23.6 	 0.0033097 
23.61 	 0.0036623 
23.62 	 0.0040084 
23.63 	 0.004345 
23.64 	 0.0046691 
23.65 	 0.0049779 
23.66 	 0.0052687 
23.67 	 0.0055389 
23.68 	 0.0057858 
23.69 	 0.0060069 
23.7 	 0.0061997 
23.71 	 0.0063614 
23.72 	 0.0064897 
23.73 	 0.0065826 
23.74 	 0.0066383 
23.75 	 0.0066563 
23.76 	 0.0066365 
23.77 	 0.00658 
23.78 	 0.006489 
23.79 	 0.0063663 
23.8 	 0.0062158 
23.81 	 0.0060419 
23.82 	 0.0058491 
23.83 	 0.0056422 
23.84 	 0.0054254 
23.85 	 0.0052025 
23.86 	 0.004976 
23.87 	 0.0047476 
23.88 	 0.0045176 
23.89 	 0.0042856 
23.9 	 0.0040506 
23.91 	 0.0038114 
23.92 	 0.003567 
23.93 	 0.0033172 
23.94 	 0.0030624 
23.95 	 0.002804 
23.96 	 0.0025442 
23.97 	 0.002286 
23.98 	 0.0020325 
23.99 	 0.0017865 
24.0 	 0.0015503 
24.01 	 0.0013254 
24.02 	 0.0011121 
24.03 	 0.0009095 
24.04 	 0.000716 
24.05 	 0.0005295 
24.06 	 0.0003479 
24.07 	 0.0001695 
24.08 	 -6.2e-06 
24.09 	 -0.0001783 
24.1 	 -0.0003443 
24.11 	 -0.0005002 
24.12 	 -0.0006412 
24.13 	 -0.0007622 
24.14 	 -0.0008583 
24.15 	 -0.0009255 
24.16 	 -0.000961 
24.17 	 -0.0009628 
24.18 	 -0.0009302 
24.19 	 -0.0008634 
24.2 	 -0.0007633 
24.21 	 -0.0006314 
24.22 	 -0.0004696 
24.23 	 -0.00028 
24.24 	 -6.46e-05 
24.25 	 0.000175 
24.26 	 0.0004377 
24.27 	 0.0007226 
24.28 	 0.001029 
24.29 	 0.0013561 
24.3 	 0.0017024 
24.31 	 0.0020658 
24.32 	 0.002443 
24.33 	 0.00283 
24.34 	 0.0032222 
24.35 	 0.0036148 
24.36 	 0.0040031 
24.37 	 0.0043831 
24.38 	 0.0047516 
24.39 	 0.0051066 
24.4 	 0.005447 
24.41 	 0.0057725 
24.42 	 0.0060835 
24.43 	 0.0063806 
24.44 	 0.0066644 
24.45 	 0.0069351 
24.46 	 0.0071926 
24.47 	 0.0074362 
24.48 	 0.0076645 
24.49 	 0.0078763 
24.5 	 0.0080699 
24.51 	 0.008244 
24.52 	 0.0083977 
24.53 	 0.0085307 
24.54 	 0.0086433 
24.55 	 0.0087368 
24.56 	 0.0088129 
24.57 	 0.0088741 
24.58 	 0.008923 
24.59 	 0.0089622 
24.6 	 0.008994 
24.61 	 0.0090202 
24.62 	 0.0090418 
24.63 	 0.0090593 
24.64 	 0.0090725 
24.65 	 0.009081 
24.66 	 0.0090841 
24.67 	 0.0090815 
24.68 	 0.009073 
24.69 	 0.0090583 
24.7 	 0.0090376 
24.71 	 0.0090107 
24.72 	 0.0089775 
24.73 	 0.0089377 
24.74 	 0.0088908 
24.75 	 0.0088361 
24.76 	 0.0087728 
24.77 	 0.0087001 
24.78 	 0.0086175 
24.79 	 0.0085248 
24.8 	 0.0084221 
24.81 	 0.0083101 
24.82 	 0.0081899 
24.83 	 0.0080628 
24.84 	 0.0079306 
24.85 	 0.0077954 
24.86 	 0.0076592 
24.87 	 0.0075243 
24.88 	 0.0073925 
24.89 	 0.0072657 
24.9 	 0.0071451 
24.91 	 0.0070314 
24.92 	 0.0069249 
24.93 	 0.0068253 
24.94 	 0.0067317 
24.95 	 0.0066428 
24.96 	 0.006557 
24.97 	 0.0064725 
24.98 	 0.0063875 
24.99 	 0.0063008 
25.0 	 0.0062114 
25.01 	 0.0061189 
25.02 	 0.0060239 
25.03 	 0.0059274 
25.04 	 0.0058311 
25.05 	 0.0057372 
25.06 	 0.0056481 
25.07 	 0.0055664 
25.08 	 0.0054944 
25.09 	 0.0054342 
25.1 	 0.0053874 
25.11 	 0.0053551 
25.12 	 0.0053383 
25.13 	 0.0053373 
25.14 	 0.005352 
25.15 	 0.0053822 
25.16 	 0.0054272 
25.17 	 0.0054861 
25.18 	 0.005558 
25.19 	 0.005642 
25.2 	 0.0057368 
25.21 	 0.0058414 
25.22 	 0.0059546 
25.23 	 0.006075 
25.24 	 0.0062016 
25.25 	 0.0063331 
25.26 	 0.0064683 
25.27 	 0.0066063 
25.28 	 0.006746 
25.29 	 0.0068867 
25.3 	 0.0070276 
25.31 	 0.0071686 
25.32 	 0.0073092 
25.33 	 0.0074496 
25.34 	 0.0075897 
25.35 	 0.0077293 
25.36 	 0.0078681 
25.37 	 0.0080053 
25.38 	 0.0081398 
25.39 	 0.0082698 
25.4 	 0.0083934 
25.41 	 0.0085082 
25.42 	 0.0086121 
25.43 	 0.0087032 
25.44 	 0.0087802 
25.45 	 0.0088422 
25.46 	 0.0088892 
25.47 	 0.0089214 
25.48 	 0.0089396 
25.49 	 0.0089446 
25.5 	 0.0089374 
25.51 	 0.0089193 
25.52 	 0.0088912 
25.53 	 0.0088542 
25.54 	 0.0088091 
25.55 	 0.0087566 
25.56 	 0.0086971 
25.57 	 0.008631 
25.58 	 0.0085584 
25.59 	 0.0084797 
25.6 	 0.0083953 
25.61 	 0.0083058 
25.62 	 0.0082119 
25.63 	 0.0081145 
25.64 	 0.0080143 
25.65 	 0.0079121 
25.66 	 0.0078083 
25.67 	 0.0077031 
25.68 	 0.0075957 
25.69 	 0.0074852 
25.7 	 0.0073696 
25.71 	 0.0072467 
25.72 	 0.0071138 
25.73 	 0.0069685 
25.74 	 0.0068084 
25.75 	 0.0066314 
25.76 	 0.0064363 
25.77 	 0.0062222 
25.78 	 0.0059892 
25.79 	 0.0057378 
25.8 	 0.0054694 
25.81 	 0.0051855 
25.82 	 0.0048882 
25.83 	 0.0045793 
25.84 	 0.0042606 
25.85 	 0.0039333 
25.86 	 0.0035983 
25.87 	 0.0032562 
25.88 	 0.0029075 
25.89 	 0.0025525 
25.9 	 0.002192 
25.91 	 0.0018272 
25.92 	 0.0014598 
25.93 	 0.0010915 
25.94 	 0.0007242 
25.95 	 0.0003594 
25.96 	 -1.7e-06 
25.97 	 -0.0003586 
25.98 	 -0.0007111 
25.99 	 -0.0010595 
26.0 	 -0.0014042 
26.01 	 -0.0017453 
26.02 	 -0.0020826 
26.03 	 -0.0024151 
26.04 	 -0.0027409 
26.05 	 -0.0030577 
26.06 	 -0.0033624 
26.07 	 -0.0036514 
26.08 	 -0.0039212 
26.09 	 -0.0041685 
26.1 	 -0.0043902 
26.11 	 -0.004584 
26.12 	 -0.0047483 
26.13 	 -0.0048829 
26.14 	 -0.0049885 
26.15 	 -0.0050669 
26.16 	 -0.005121 
26.17 	 -0.005154 
26.18 	 -0.0051693 
26.19 	 -0.0051703 
26.2 	 -0.0051598 
26.21 	 -0.0051403 
26.22 	 -0.0051135 
26.23 	 -0.005081 
26.24 	 -0.0050439 
26.25 	 -0.0050034 
26.26 	 -0.0049607 
26.27 	 -0.0049175 
26.28 	 -0.0048755 
26.29 	 -0.0048367 
26.3 	 -0.0048032 
26.31 	 -0.0047768 
26.32 	 -0.0047592 
26.33 	 -0.0047515 
26.34 	 -0.0047543 
26.35 	 -0.0047673 
26.36 	 -0.0047896 
26.37 	 -0.0048195 
26.38 	 -0.0048549 
26.39 	 -0.0048929 
26.4 	 -0.0049309 
26.41 	 -0.004966 
26.42 	 -0.0049962 
26.43 	 -0.0050195 
26.44 	 -0.0050347 
26.45 	 -0.0050409 
26.46 	 -0.0050377 
26.47 	 -0.0050246 
26.48 	 -0.0050014 
26.49 	 -0.004968 
26.5 	 -0.0049243 
26.51 	 -0.0048707 
26.52 	 -0.0048078 
26.53 	 -0.0047365 
26.54 	 -0.0046582 
26.55 	 -0.0045744 
26.56 	 -0.0044867 
26.57 	 -0.0043964 
26.58 	 -0.0043049 
26.59 	 -0.0042129 
26.6 	 -0.0041211 
26.61 	 -0.0040298 
26.62 	 -0.003939 
26.63 	 -0.0038488 
26.64 	 -0.0037592 
26.65 	 -0.0036703 
26.66 	 -0.0035827 
26.67 	 -0.0034973 
26.68 	 -0.0034155 
26.69 	 -0.0033389 
26.7 	 -0.0032693 
26.71 	 -0.0032085 
26.72 	 -0.0031579 
26.73 	 -0.0031186 
26.74 	 -0.0030913 
26.75 	 -0.003076 
26.76 	 -0.0030724 
26.77 	 -0.0030797 
26.78 	 -0.0030967 
26.79 	 -0.0031225 
26.8 	 -0.0031556 
26.81 	 -0.0031947 
26.82 	 -0.0032382 
26.83 	 -0.0032842 
26.84 	 -0.0033305 
26.85 	 -0.003375 
26.86 	 -0.0034151 
26.87 	 -0.0034484 
26.88 	 -0.0034727 
26.89 	 -0.0034858 
26.9 	 -0.003486 
26.91 	 -0.0034719 
26.92 	 -0.0034423 
26.93 	 -0.0033964 
26.94 	 -0.0033338 
26.95 	 -0.0032543 
26.96 	 -0.003158 
26.97 	 -0.0030449 
26.98 	 -0.0029155 
26.99 	 -0.0027697 
27.0 	 -0.0026078 
27.01 	 -0.00243 
27.02 	 -0.0022366 
27.03 	 -0.0020278 
27.04 	 -0.0018038 
27.05 	 -0.001565 
27.06 	 -0.0013118 
27.07 	 -0.0010445 
27.08 	 -0.0007637 
27.09 	 -0.0004698 
27.1 	 -0.0001638 
27.11 	 0.0001535 
27.12 	 0.0004809 
27.13 	 0.0008169 
27.14 	 0.0011604 
27.15 	 0.0015102 
27.16 	 0.0018652 
27.17 	 0.0022249 
27.18 	 0.0025891 
27.19 	 0.0029576 
27.2 	 0.0033306 
27.21 	 0.0037077 
27.22 	 0.0040881 
27.23 	 0.0044706 
27.24 	 0.0048531 
27.25 	 0.0052333 
27.26 	 0.0056087 
27.27 	 0.0059769 
27.28 	 0.0063359 
27.29 	 0.0066845 
27.3 	 0.0070222 
27.31 	 0.0073495 
27.32 	 0.007667 
27.33 	 0.007976 
27.34 	 0.0082775 
27.35 	 0.0085721 
27.36 	 0.0088599 
27.37 	 0.0091402 
27.38 	 0.0094118 
27.39 	 0.0096733 
27.4 	 0.0099228 
27.41 	 0.0101587 
27.42 	 0.0103794 
27.43 	 0.0105835 
27.44 	 0.0107699 
27.45 	 0.0109374 
27.46 	 0.0110852 
27.47 	 0.0112123 
27.48 	 0.011318 
27.49 	 0.0114016 
27.5 	 0.0114628 
27.51 	 0.0115017 
27.52 	 0.011519 
27.53 	 0.0115154 
27.54 	 0.0114922 
27.55 	 0.0114503 
27.56 	 0.0113905 
27.57 	 0.0113132 
27.58 	 0.0112182 
27.59 	 0.0111055 
27.6 	 0.0109745 
27.61 	 0.0108252 
27.62 	 0.0106575 
27.63 	 0.0104721 
27.64 	 0.0102698 
27.65 	 0.0100523 
27.66 	 0.0098213 
27.67 	 0.009579 
27.68 	 0.0093277 
27.69 	 0.0090697 
27.7 	 0.0088075 
27.71 	 0.0085434 
27.72 	 0.0082796 
27.73 	 0.0080184 
27.74 	 0.0077613 
27.75 	 0.00751 
27.76 	 0.0072655 
27.77 	 0.0070288 
27.78 	 0.0068004 
27.79 	 0.0065811 
27.8 	 0.0063714 
27.81 	 0.0061718 
27.82 	 0.005983 
27.83 	 0.0058055 
27.84 	 0.0056397 
27.85 	 0.0054861 
27.86 	 0.005345 
27.87 	 0.0052166 
27.88 	 0.0051016 
27.89 	 0.0050004 
27.9 	 0.0049139 
27.91 	 0.0048433 
27.92 	 0.0047895 
27.93 	 0.0047539 
27.94 	 0.0047374 
27.95 	 0.0047408 
27.96 	 0.0047644 
27.97 	 0.0048079 
27.98 	 0.0048703 
27.99 	 0.0049501 
28.0 	 0.0050449 
28.01 	 0.005152 
28.02 	 0.0052681 
28.03 	 0.0053903 
28.04 	 0.0055154 
28.05 	 0.0056408 
28.06 	 0.005764 
28.07 	 0.0058831 
28.08 	 0.0059967 
28.09 	 0.0061041 
28.1 	 0.006205 
28.11 	 0.0063 
28.12 	 0.0063897 
28.13 	 0.0064752 
28.14 	 0.0065571 
28.15 	 0.0066359 
28.16 	 0.0067114 
28.17 	 0.0067826 
28.18 	 0.0068483 
28.19 	 0.0069063 
28.2 	 0.0069544 
28.21 	 0.0069902 
28.22 	 0.0070112 
28.23 	 0.0070151 
28.24 	 0.0070002 
28.25 	 0.006965 
28.26 	 0.0069087 
28.27 	 0.0068312 
28.28 	 0.0067331 
28.29 	 0.0066155 
28.3 	 0.0064803 
28.31 	 0.0063294 
28.32 	 0.0061651 
28.33 	 0.0059891 
28.34 	 0.0058033 
28.35 	 0.0056089 
28.36 	 0.0054069 
28.37 	 0.0051979 
28.38 	 0.0049826 
28.39 	 0.0047616 
28.4 	 0.0045355 
28.41 	 0.0043049 
28.42 	 0.0040701 
28.43 	 0.0038315 
28.44 	 0.0035893 
28.45 	 0.0033436 
28.46 	 0.0030949 
28.47 	 0.0028438 
28.48 	 0.0025915 
28.49 	 0.0023397 
28.5 	 0.002091 
28.51 	 0.0018481 
28.52 	 0.0016143 
28.53 	 0.0013933 
28.54 	 0.0011887 
28.55 	 0.0010038 
28.56 	 0.0008415 
28.57 	 0.000704 
28.58 	 0.000593 
28.59 	 0.0005093 
28.6 	 0.0004533 
28.61 	 0.0004245 
28.62 	 0.0004223 
28.63 	 0.0004452 
28.64 	 0.0004916 
28.65 	 0.0005594 
28.66 	 0.000646 
28.67 	 0.0007485 
28.68 	 0.0008635 
28.69 	 0.0009874 
28.7 	 0.0011165 
28.71 	 0.0012473 
28.72 	 0.0013764 
28.73 	 0.0015008 
28.74 	 0.0016183 
28.75 	 0.0017271 
28.76 	 0.0018262 
28.77 	 0.0019155 
28.78 	 0.0019958 
28.79 	 0.0020687 
28.8 	 0.0021368 
28.81 	 0.0022034 
28.82 	 0.0022721 
28.83 	 0.0023467 
28.84 	 0.0024307 
28.85 	 0.0025276 
28.86 	 0.0026402 
28.87 	 0.0027704 
28.88 	 0.0029196 
28.89 	 0.0030879 
28.9 	 0.0032746 
28.91 	 0.0034782 
28.92 	 0.0036964 
28.93 	 0.0039266 
28.94 	 0.0041663 
28.95 	 0.0044127 
28.96 	 0.0046637 
28.97 	 0.0049174 
28.98 	 0.0051725 
28.99 	 0.0054279 
29.0 	 0.005683 
29.01 	 0.0059371 
29.02 	 0.0061897 
29.03 	 0.0064399 
29.04 	 0.0066869 
29.05 	 0.0069299 
29.06 	 0.0071674 
29.07 	 0.0073981 
29.08 	 0.0076205 
29.09 	 0.0078332 
29.1 	 0.0080349 
29.11 	 0.0082252 
29.12 	 0.008404 
29.13 	 0.0085719 
29.14 	 0.0087297 
29.15 	 0.0088786 
29.16 	 0.0090195 
29.17 	 0.009153 
29.18 	 0.0092796 
29.19 	 0.0093992 
29.2 	 0.0095115 
29.21 	 0.0096158 
29.22 	 0.0097113 
29.23 	 0.0097969 
29.24 	 0.0098715 
29.25 	 0.0099338 
29.26 	 0.0099823 
29.27 	 0.0100156 
29.28 	 0.0100327 
29.29 	 0.0100324 
29.3 	 0.0100143 
29.31 	 0.0099783 
29.32 	 0.0099248 
29.33 	 0.0098547 
29.34 	 0.0097689 
29.35 	 0.0096686 
29.36 	 0.0095547 
29.37 	 0.0094281 
29.38 	 0.0092893 
29.39 	 0.009139 
29.4 	 0.0089777 
29.41 	 0.0088059 
29.42 	 0.0086243 
29.43 	 0.0084337 
29.44 	 0.0082352 
29.45 	 0.0080299 
29.46 	 0.0078192 
29.47 	 0.0076043 
29.48 	 0.0073863 
29.49 	 0.0071661 
29.5 	 0.0069441 
29.51 	 0.0067205 
29.52 	 0.0064956 
29.53 	 0.0062692 
29.54 	 0.0060416 
29.55 	 0.0058127 
29.56 	 0.0055827 
29.57 	 0.005352 
29.58 	 0.005121 
29.59 	 0.0048901 
29.6 	 0.0046599 
29.61 	 0.0044313 
29.62 	 0.004205 
29.63 	 0.0039815 
29.64 	 0.0037617 
29.65 	 0.0035457 
29.66 	 0.0033338 
29.67 	 0.0031259 
29.68 	 0.0029218 
29.69 	 0.0027213 
29.7 	 0.002524 
29.71 	 0.0023298 
29.72 	 0.002138 
29.73 	 0.0019484 
29.74 	 0.0017605 
29.75 	 0.001574 
29.76 	 0.001389 
29.77 	 0.0012061 
29.78 	 0.0010262 
29.79 	 0.0008509 
29.8 	 0.0006822 
29.81 	 0.0005219 
29.82 	 0.0003718 
29.83 	 0.0002332 
29.84 	 0.0001071 
29.85 	 -6.6e-06 
29.86 	 -0.0001084 
29.87 	 -0.0001997 
29.88 	 -0.0002824 
29.89 	 -0.0003588 
29.9 	 -0.0004314 
29.91 	 -0.0005027 
29.92 	 -0.0005746 
29.93 	 -0.0006487 
29.94 	 -0.0007258 
29.95 	 -0.0008064 
29.96 	 -0.0008902 
29.97 	 -0.0009765 
29.98 	 -0.0010645 
29.99 	 -0.0011529 
30.0 	 -0.0012408 
30.01 	 -0.0013271 
30.02 	 -0.0014113 
30.03 	 -0.0014931 
30.04 	 -0.0015725 
30.05 	 -0.00165 
30.06 	 -0.0017261 
30.07 	 -0.0018018 
30.08 	 -0.0018779 
30.09 	 -0.0019555 
30.1 	 -0.0020352 
30.11 	 -0.002118 
30.12 	 -0.0022045 
30.13 	 -0.0022955 
30.14 	 -0.0023914 
30.15 	 -0.0024931 
30.16 	 -0.0026007 
30.17 	 -0.0027144 
30.18 	 -0.0028337 
30.19 	 -0.0029576 
30.2 	 -0.0030848 
30.21 	 -0.003214 
30.22 	 -0.0033435 
30.23 	 -0.003472 
30.24 	 -0.0035982 
30.25 	 -0.0037214 
30.26 	 -0.0038409 
30.27 	 -0.0039569 
30.28 	 -0.0040698 
30.29 	 -0.0041806 
30.3 	 -0.0042909 
30.31 	 -0.004402 
30.32 	 -0.0045156 
30.33 	 -0.0046329 
30.34 	 -0.0047547 
30.35 	 -0.0048814 
30.36 	 -0.0050128 
30.37 	 -0.0051485 
30.38 	 -0.0052872 
30.39 	 -0.0054276 
30.4 	 -0.0055681 
30.41 	 -0.0057071 
30.42 	 -0.005843 
30.43 	 -0.0059744 
30.44 	 -0.0061004 
30.45 	 -0.0062201 
30.46 	 -0.0063332 
30.47 	 -0.0064398 
30.48 	 -0.0065403 
30.49 	 -0.0066353 
30.5 	 -0.006726 
30.51 	 -0.0068135 
30.52 	 -0.0068993 
30.53 	 -0.0069849 
30.54 	 -0.0070721 
30.55 	 -0.0071622 
30.56 	 -0.0072569 
30.57 	 -0.0073577 
30.58 	 -0.0074659 
30.59 	 -0.0075826 
30.6 	 -0.0077086 
30.61 	 -0.0078447 
30.62 	 -0.0079913 
30.63 	 -0.0081485 
30.64 	 -0.0083162 
30.65 	 -0.008494 
30.66 	 -0.0086809 
30.67 	 -0.008876 
30.68 	 -0.0090778 
30.69 	 -0.0092849 
30.7 	 -0.0094955 
30.71 	 -0.009708 
30.72 	 -0.0099204 
30.73 	 -0.0101311 
30.74 	 -0.0103383 
30.75 	 -0.0105402 
30.76 	 -0.0107352 
30.77 	 -0.0109217 
30.78 	 -0.0110979 
30.79 	 -0.0112622 
30.8 	 -0.011413 
30.81 	 -0.0115488 
30.82 	 -0.0116685 
30.83 	 -0.0117715 
30.84 	 -0.0118574 
30.85 	 -0.0119264 
30.86 	 -0.0119789 
30.87 	 -0.0120155 
30.88 	 -0.0120369 
30.89 	 -0.0120438 
30.9 	 -0.0120367 
30.91 	 -0.0120157 
30.92 	 -0.0119806 
30.93 	 -0.011931 
30.94 	 -0.0118664 
30.95 	 -0.0117863 
30.96 	 -0.0116904 
30.97 	 -0.0115788 
30.98 	 -0.011452 
30.99 	 -0.011311 
31.0 	 -0.0111568 
31.01 	 -0.0109909 
31.02 	 -0.0108147 
31.03 	 -0.0106296 
31.04 	 -0.0104369 
31.05 	 -0.0102375 
31.06 	 -0.0100322 
31.07 	 -0.0098217 
31.08 	 -0.0096064 
31.09 	 -0.0093868 
31.1 	 -0.0091631 
31.11 	 -0.0089356 
31.12 	 -0.0087048 
31.13 	 -0.0084712 
31.14 	 -0.0082358 
31.15 	 -0.0079995 
31.16 	 -0.0077637 
31.17 	 -0.0075295 
31.18 	 -0.0072982 
31.19 	 -0.0070706 
31.2 	 -0.0068472 
31.21 	 -0.0066285 
31.22 	 -0.0064142 
31.23 	 -0.0062042 
31.24 	 -0.0059983 
31.25 	 -0.0057961 
31.26 	 -0.0055973 
31.27 	 -0.0054017 
31.28 	 -0.0052094 
31.29 	 -0.0050203 
31.3 	 -0.0048347 
31.31 	 -0.0046531 
31.32 	 -0.0044759 
31.33 	 -0.0043035 
31.34 	 -0.0041366 
31.35 	 -0.0039756 
31.36 	 -0.0038208 
31.37 	 -0.0036727 
31.38 	 -0.0035315 
31.39 	 -0.0033974 
31.4 	 -0.0032706 
31.41 	 -0.0031511 
31.42 	 -0.0030391 
31.43 	 -0.0029345 
31.44 	 -0.0028372 
31.45 	 -0.0027466 
31.46 	 -0.0026622 
31.47 	 -0.002583 
31.48 	 -0.0025077 
31.49 	 -0.0024349 
31.5 	 -0.0023632 
31.51 	 -0.002291 
31.52 	 -0.0022168 
31.53 	 -0.0021393 
31.54 	 -0.0020573 
31.55 	 -0.0019701 
31.56 	 -0.0018773 
31.57 	 -0.0017792 
31.58 	 -0.0016765 
31.59 	 -0.0015703 
31.6 	 -0.0014618 
31.61 	 -0.0013523 
31.62 	 -0.001243 
31.63 	 -0.0011346 
31.64 	 -0.0010272 
31.65 	 -0.0009204 
31.66 	 -0.0008133 
31.67 	 -0.0007047 
31.68 	 -0.0005931 
31.69 	 -0.0004771 
31.7 	 -0.0003556 
31.71 	 -0.0002277 
31.72 	 -9.33e-05 
31.73 	 4.74e-05 
31.74 	 0.0001941 
31.75 	 0.0003462 
31.76 	 0.0005033 
31.77 	 0.0006652 
31.78 	 0.0008321 
31.79 	 0.001004 
31.8 	 0.0011811 
31.81 	 0.0013632 
31.82 	 0.00155 
31.83 	 0.0017406 
31.84 	 0.0019341 
31.85 	 0.0021292 
31.86 	 0.0023246 
31.87 	 0.0025189 
31.88 	 0.002711 
31.89 	 0.0029001 
31.9 	 0.0030852 
31.91 	 0.0032659 
31.92 	 0.0034419 
31.93 	 0.0036127 
31.94 	 0.0037779 
31.95 	 0.0039372 
31.96 	 0.0040899 
31.97 	 0.0042356 
31.98 	 0.004374 
31.99 	 0.0045051 
32.0 	 0.0046292 
32.01 	 0.004747 
32.02 	 0.0048595 
32.03 	 0.0049679 
32.04 	 0.0050734 
32.05 	 0.0051772 
32.06 	 0.0052802 
32.07 	 0.0053831 
32.08 	 0.0054859 
32.09 	 0.0055885 
32.1 	 0.0056905 
32.11 	 0.0057913 
32.12 	 0.0058901 
32.13 	 0.0059862 
32.14 	 0.006079 
32.15 	 0.0061679 
32.16 	 0.0062526 
32.17 	 0.0063329 
32.18 	 0.0064087 
32.19 	 0.0064802 
32.2 	 0.0065475 
32.21 	 0.006611 
32.22 	 0.0066709 
32.23 	 0.0067272 
32.24 	 0.0067798 
32.25 	 0.0068285 
32.26 	 0.0068726 
32.27 	 0.0069113 
32.28 	 0.0069437 
32.29 	 0.0069691 
32.3 	 0.0069871 
32.31 	 0.0069977 
32.32 	 0.0070014 
32.33 	 0.0069988 
32.34 	 0.0069906 
32.35 	 0.0069776 
32.36 	 0.0069601 
32.37 	 0.0069385 
32.38 	 0.0069131 
32.39 	 0.0068838 
32.4 	 0.0068506 
32.41 	 0.0068129 
32.42 	 0.0067701 
32.43 	 0.0067214 
32.44 	 0.0066655 
32.45 	 0.0066011 
32.46 	 0.0065269 
32.47 	 0.0064411 
32.48 	 0.0063424 
32.49 	 0.0062292 
32.5 	 0.0061006 
32.51 	 0.0059555 
32.52 	 0.0057937 
32.53 	 0.0056152 
32.54 	 0.0054205 
32.55 	 0.0052106 
32.56 	 0.0049864 
32.57 	 0.0047493 
32.58 	 0.0045001 
32.59 	 0.0042395 
32.6 	 0.0039676 
32.61 	 0.0036842 
32.62 	 0.0033886 
32.63 	 0.0030798 
32.64 	 0.002757 
32.65 	 0.0024194 
32.66 	 0.0020666 
32.67 	 0.0016987 
32.68 	 0.0013163 
32.69 	 0.0009207 
32.7 	 0.0005138 
32.71 	 9.78e-05 
32.72 	 -0.0003245 
32.73 	 -0.0007506 
32.74 	 -0.0011778 
32.75 	 -0.0016037 
32.76 	 -0.002026 
32.77 	 -0.0024427 
32.78 	 -0.0028516 
32.79 	 -0.0032511 
32.8 	 -0.0036394 
32.81 	 -0.0040151 
32.82 	 -0.0043769 
32.83 	 -0.0047236 
32.84 	 -0.0050541 
32.85 	 -0.0053673 
32.86 	 -0.0056622 
32.87 	 -0.0059379 
32.88 	 -0.0061935 
32.89 	 -0.0064282 
32.9 	 -0.0066414 
32.91 	 -0.0068326 
32.92 	 -0.0070015 
32.93 	 -0.0071478 
32.94 	 -0.0072717 
32.95 	 -0.0073734 
32.96 	 -0.0074534 
32.97 	 -0.0075122 
32.98 	 -0.0075507 
32.99 	 -0.0075696 
33.0 	 -0.0075695 
33.01 	 -0.0075514 
33.02 	 -0.0075158 
33.03 	 -0.0074636 
33.04 	 -0.0073954 
33.05 	 -0.0073122 
33.06 	 -0.007215 
33.07 	 -0.0071052 
33.08 	 -0.0069841 
33.09 	 -0.0068533 
33.1 	 -0.0067141 
33.11 	 -0.0065681 
33.12 	 -0.0064165 
33.13 	 -0.0062604 
33.14 	 -0.0061009 
33.15 	 -0.0059388 
33.16 	 -0.0057749 
33.17 	 -0.0056102 
33.18 	 -0.0054451 
33.19 	 -0.0052804 
33.2 	 -0.0051166 
33.21 	 -0.0049544 
33.22 	 -0.0047944 
33.23 	 -0.0046374 
33.24 	 -0.004484 
33.25 	 -0.0043346 
33.26 	 -0.0041897 
33.27 	 -0.0040497 
33.28 	 -0.003915 
33.29 	 -0.003786 
33.3 	 -0.0036632 
33.31 	 -0.0035469 
33.32 	 -0.0034377 
33.33 	 -0.0033359 
33.34 	 -0.0032416 
33.35 	 -0.0031546 
33.36 	 -0.0030744 
33.37 	 -0.0030005 
33.38 	 -0.0029318 
33.39 	 -0.0028674 
33.4 	 -0.0028063 
33.41 	 -0.0027477 
33.42 	 -0.002691 
33.43 	 -0.0026358 
33.44 	 -0.0025821 
33.45 	 -0.0025299 
33.46 	 -0.0024795 
33.47 	 -0.0024309 
33.48 	 -0.0023842 
33.49 	 -0.0023394 
33.5 	 -0.0022964 
33.51 	 -0.0022549 
33.52 	 -0.0022147 
33.53 	 -0.002175 
33.54 	 -0.0021354 
33.55 	 -0.0020951 
33.56 	 -0.0020535 
33.57 	 -0.00201 
33.58 	 -0.0019644 
33.59 	 -0.0019164 
33.6 	 -0.0018664 
33.61 	 -0.0018146 
33.62 	 -0.0017616 
33.63 	 -0.0017081 
33.64 	 -0.0016548 
33.65 	 -0.0016025 
33.66 	 -0.0015522 
33.67 	 -0.0015047 
33.68 	 -0.0014607 
33.69 	 -0.001421 
33.7 	 -0.001386 
33.71 	 -0.0013561 
33.72 	 -0.0013311 
33.73 	 -0.0013106 
33.74 	 -0.0012939 
33.75 	 -0.0012801 
33.76 	 -0.0012681 
33.77 	 -0.0012567 
33.78 	 -0.0012447 
33.79 	 -0.0012313 
33.8 	 -0.0012157 
33.81 	 -0.0011977 
33.82 	 -0.0011773 
33.83 	 -0.001155 
33.84 	 -0.0011315 
33.85 	 -0.0011079 
33.86 	 -0.001085 
33.87 	 -0.0010638 
33.88 	 -0.001045 
33.89 	 -0.0010291 
33.9 	 -0.0010165 
33.91 	 -0.0010075 
33.92 	 -0.0010019 
33.93 	 -0.0009998 
33.94 	 -0.001001 
33.95 	 -0.0010056 
33.96 	 -0.0010133 
33.97 	 -0.0010238 
33.98 	 -0.0010369 
33.99 	 -0.001052 
34.0 	 -0.0010686 
34.01 	 -0.0010862 
34.02 	 -0.0011044 
34.03 	 -0.0011231 
34.04 	 -0.0011419 
34.05 	 -0.001161 
34.06 	 -0.0011802 
34.07 	 -0.0011996 
34.08 	 -0.0012189 
34.09 	 -0.0012379 
34.1 	 -0.0012559 
34.11 	 -0.0012724 
34.12 	 -0.0012868 
34.13 	 -0.0012985 
34.14 	 -0.0013072 
34.15 	 -0.0013127 
34.16 	 -0.0013152 
34.17 	 -0.0013148 
34.18 	 -0.0013118 
34.19 	 -0.0013063 
34.2 	 -0.001298 
34.21 	 -0.0012865 
34.22 	 -0.0012712 
34.23 	 -0.0012514 
34.24 	 -0.0012261 
34.25 	 -0.0011945 
34.26 	 -0.0011557 
34.27 	 -0.0011087 
34.28 	 -0.0010527 
34.29 	 -0.0009872 
34.3 	 -0.0009115 
34.31 	 -0.0008254 
34.32 	 -0.0007288 
34.33 	 -0.0006218 
34.34 	 -0.0005049 
34.35 	 -0.0003789 
34.36 	 -0.0002449 
34.37 	 -0.0001039 
34.38 	 4.25e-05 
34.39 	 0.0001933 
34.4 	 0.0003469 
34.41 	 0.0005021 
34.42 	 0.0006579 
34.43 	 0.0008134 
34.44 	 0.0009676 
34.45 	 0.0011199 
34.46 	 0.0012696 
34.47 	 0.0014162 
34.48 	 0.0015591 
34.49 	 0.0016977 
34.5 	 0.0018316 
34.51 	 0.0019605 
34.52 	 0.0020843 
34.53 	 0.0022031 
34.54 	 0.0023174 
34.55 	 0.0024277 
34.56 	 0.0025347 
34.57 	 0.0026389 
34.58 	 0.0027407 
34.59 	 0.0028402 
34.6 	 0.0029374 
34.61 	 0.0030315 
34.62 	 0.0031218 
34.63 	 0.0032069 
34.64 	 0.0032855 
34.65 	 0.0033561 
34.66 	 0.0034174 
34.67 	 0.0034682 
34.68 	 0.0035076 
34.69 	 0.0035349 
34.7 	 0.0035499 
34.71 	 0.0035527 
34.72 	 0.0035435 
34.73 	 0.0035228 
34.74 	 0.0034908 
34.75 	 0.0034481 
34.76 	 0.0033949 
34.77 	 0.0033314 
34.78 	 0.003258 
34.79 	 0.003175 
34.8 	 0.0030828 
34.81 	 0.0029821 
34.82 	 0.0028734 
34.83 	 0.0027577 
34.84 	 0.0026358 
34.85 	 0.002509 
34.86 	 0.0023784 
34.87 	 0.0022452 
34.88 	 0.0021105 
34.89 	 0.0019749 
34.9 	 0.001839 
34.91 	 0.0017027 
34.92 	 0.0015658 
34.93 	 0.0014279 
34.94 	 0.0012885 
34.95 	 0.0011472 
34.96 	 0.0010038 
34.97 	 0.0008581 
34.98 	 0.0007102 
34.99 	 0.0005605 
35.0 	 0.0004095 
35.01 	 0.0002579 
35.02 	 0.0001065 
35.03 	 -4.4e-05 
35.04 	 -0.0001926 
35.05 	 -0.0003387 
35.06 	 -0.0004813 
35.07 	 -0.0006199 
35.08 	 -0.000754 
35.09 	 -0.0008833 
35.1 	 -0.0010075 
35.11 	 -0.0011265 
35.12 	 -0.0012405 
35.13 	 -0.0013494 
35.14 	 -0.0014534 
35.15 	 -0.0015528 
35.16 	 -0.0016476 
35.17 	 -0.0017379 
35.18 	 -0.0018235 
35.19 	 -0.0019041 
35.2 	 -0.0019794 
35.21 	 -0.0020492 
35.22 	 -0.0021136 
35.23 	 -0.0021732 
35.24 	 -0.002229 
35.25 	 -0.0022822 
35.26 	 -0.0023343 
35.27 	 -0.0023865 
35.28 	 -0.00244 
35.29 	 -0.0024957 
35.3 	 -0.0025541 
35.31 	 -0.0026153 
35.32 	 -0.0026794 
35.33 	 -0.0027463 
35.34 	 -0.0028155 
35.35 	 -0.0028869 
35.36 	 -0.0029602 
35.37 	 -0.0030349 
35.38 	 -0.0031106 
35.39 	 -0.003187 
35.4 	 -0.0032637 
35.41 	 -0.0033406 
35.42 	 -0.0034178 
35.43 	 -0.0034957 
35.44 	 -0.0035746 
35.45 	 -0.003655 
35.46 	 -0.0037373 
35.47 	 -0.0038217 
35.48 	 -0.0039082 
35.49 	 -0.0039965 
35.5 	 -0.0040856 
35.51 	 -0.0041744 
35.52 	 -0.0042612 
35.53 	 -0.0043439 
35.54 	 -0.0044201 
35.55 	 -0.0044875 
35.56 	 -0.0045439 
35.57 	 -0.0045874 
35.58 	 -0.0046164 
35.59 	 -0.0046301 
35.6 	 -0.004628 
35.61 	 -0.0046104 
35.62 	 -0.0045781 
35.63 	 -0.0045322 
35.64 	 -0.0044744 
35.65 	 -0.004406 
35.66 	 -0.0043285 
35.67 	 -0.0042431 
35.68 	 -0.0041508 
35.69 	 -0.0040521 
35.7 	 -0.0039474 
35.71 	 -0.003837 
35.72 	 -0.0037213 
35.73 	 -0.0036006 
35.74 	 -0.0034754 
35.75 	 -0.0033463 
35.76 	 -0.0032143 
35.77 	 -0.0030804 
35.78 	 -0.0029455 
35.79 	 -0.0028112 
35.8 	 -0.0026789 
35.81 	 -0.00255 
35.82 	 -0.0024262 
35.83 	 -0.0023087 
35.84 	 -0.0021985 
35.85 	 -0.0020964 
35.86 	 -0.0020025 
35.87 	 -0.0019166 
35.88 	 -0.0018384 
35.89 	 -0.0017671 
35.9 	 -0.0017018 
35.91 	 -0.0016417 
35.92 	 -0.001586 
35.93 	 -0.0015343 
35.94 	 -0.0014862 
35.95 	 -0.0014417 
35.96 	 -0.0014007 
35.97 	 -0.0013633 
35.98 	 -0.0013297 
35.99 	 -0.0012998 
36.0 	 -0.0012735 
36.01 	 -0.0012505 
36.02 	 -0.0012302 
36.03 	 -0.0012122 
36.04 	 -0.0011958 
36.05 	 -0.0011806 
36.06 	 -0.0011664 
36.07 	 -0.0011533 
36.08 	 -0.0011413 
36.09 	 -0.0011306 
36.1 	 -0.0011213 
36.11 	 -0.0011133 
36.12 	 -0.0011061 
36.13 	 -0.0010991 
36.14 	 -0.0010917 
36.15 	 -0.0010828 
36.16 	 -0.0010716 
36.17 	 -0.0010569 
36.18 	 -0.0010377 
36.19 	 -0.001013 
36.2 	 -0.000982 
36.21 	 -0.000944 
36.22 	 -0.0008984 
36.23 	 -0.0008447 
36.24 	 -0.0007824 
36.25 	 -0.0007111 
36.26 	 -0.0006304 
36.27 	 -0.0005397 
36.28 	 -0.0004387 
36.29 	 -0.000327 
36.3 	 -0.0002044 
36.31 	 -7.09e-05 
36.32 	 7.31e-05 
36.33 	 0.0002267 
36.34 	 0.0003888 
36.35 	 0.000558 
36.36 	 0.0007327 
36.37 	 0.0009115 
36.38 	 0.0010931 
36.39 	 0.0012761 
36.4 	 0.0014597 
36.41 	 0.0016429 
36.42 	 0.0018247 
36.43 	 0.0020044 
36.44 	 0.0021813 
36.45 	 0.0023548 
36.46 	 0.0025243 
36.47 	 0.0026895 
36.48 	 0.00285 
36.49 	 0.0030056 
36.5 	 0.0031561 
36.51 	 0.0033014 
36.52 	 0.0034414 
36.53 	 0.003576 
36.54 	 0.0037052 
36.55 	 0.0038291 
36.56 	 0.0039476 
36.57 	 0.0040606 
36.58 	 0.0041678 
36.59 	 0.004269 
36.6 	 0.0043635 
36.61 	 0.0044508 
36.62 	 0.0045302 
36.63 	 0.0046009 
36.64 	 0.0046627 
36.65 	 0.0047155 
36.66 	 0.0047597 
36.67 	 0.0047962 
36.68 	 0.0048263 
36.69 	 0.0048514 
36.7 	 0.0048733 
36.71 	 0.0048933 
36.72 	 0.0049127 
36.73 	 0.0049324 
36.74 	 0.0049528 
36.75 	 0.004974 
36.76 	 0.0049955 
36.77 	 0.0050168 
36.78 	 0.0050374 
36.79 	 0.0050565 
36.8 	 0.0050738 
36.81 	 0.0050888 
36.82 	 0.0051016 
36.83 	 0.0051122 
36.84 	 0.0051211 
36.85 	 0.0051287 
36.86 	 0.0051358 
36.87 	 0.0051426 
36.88 	 0.0051495 
36.89 	 0.0051563 
36.9 	 0.0051627 
36.91 	 0.0051682 
36.92 	 0.0051719 
36.93 	 0.005173 
36.94 	 0.0051706 
36.95 	 0.0051637 
36.96 	 0.0051514 
36.97 	 0.0051331 
36.98 	 0.005108 
36.99 	 0.0050757 
37.0 	 0.0050357 
37.01 	 0.004988 
37.02 	 0.0049323 
37.03 	 0.0048689 
37.04 	 0.0047982 
37.05 	 0.0047207 
37.06 	 0.0046371 
37.07 	 0.0045479 
37.08 	 0.0044538 
37.09 	 0.0043552 
37.1 	 0.0042525 
37.11 	 0.0041459 
37.12 	 0.0040354 
37.13 	 0.0039209 
37.14 	 0.0038023 
37.15 	 0.0036794 
37.16 	 0.0035522 
37.17 	 0.0034204 
37.18 	 0.0032844 
37.19 	 0.0031443 
37.2 	 0.0030009 
37.21 	 0.0028547 
37.22 	 0.0027064 
37.23 	 0.0025569 
37.24 	 0.0024067 
37.25 	 0.0022566 
37.26 	 0.0021073 
37.27 	 0.0019593 
37.28 	 0.0018133 
37.29 	 0.0016696 
37.3 	 0.0015285 
37.31 	 0.0013899 
37.32 	 0.0012537 
37.33 	 0.0011196 
37.34 	 0.000987 
37.35 	 0.0008554 
37.36 	 0.0007242 
37.37 	 0.0005929 
37.38 	 0.0004614 
37.39 	 0.0003295 
37.4 	 0.0001973 
37.41 	 6.49e-05 
37.42 	 -6.73e-05 
37.43 	 -0.0001991 
37.44 	 -0.0003301 
37.45 	 -0.0004596 
37.46 	 -0.0005871 
37.47 	 -0.0007118 
37.48 	 -0.000833 
37.49 	 -0.0009501 
37.5 	 -0.0010623 
37.51 	 -0.0011695 
37.52 	 -0.0012715 
37.53 	 -0.0013684 
37.54 	 -0.0014606 
37.55 	 -0.0015488 
37.56 	 -0.0016337 
37.57 	 -0.0017157 
37.58 	 -0.0017955 
37.59 	 -0.0018733 
37.6 	 -0.0019493 
37.61 	 -0.0020236 
37.62 	 -0.0020962 
37.63 	 -0.002167 
37.64 	 -0.0022362 
37.65 	 -0.0023039 
37.66 	 -0.0023704 
37.67 	 -0.0024359 
37.68 	 -0.0025006 
37.69 	 -0.0025645 
37.7 	 -0.0026275 
37.71 	 -0.0026892 
37.72 	 -0.0027489 
37.73 	 -0.0028063 
37.74 	 -0.0028605 
37.75 	 -0.0029113 
37.76 	 -0.0029582 
37.77 	 -0.003001 
37.78 	 -0.0030395 
37.79 	 -0.0030735 
37.8 	 -0.0031031 
37.81 	 -0.0031281 
37.82 	 -0.0031487 
37.83 	 -0.0031648 
37.84 	 -0.0031767 
37.85 	 -0.0031846 
37.86 	 -0.003189 
37.87 	 -0.0031906 
37.88 	 -0.0031899 
37.89 	 -0.0031877 
37.9 	 -0.0031848 
37.91 	 -0.0031818 
37.92 	 -0.0031792 
37.93 	 -0.0031773 
37.94 	 -0.0031764 
37.95 	 -0.0031763 
37.96 	 -0.0031769 
37.97 	 -0.0031776 
37.98 	 -0.0031781 
37.99 	 -0.0031774 
38.0 	 -0.0031749 
38.01 	 -0.0031696 
38.02 	 -0.0031607 
38.03 	 -0.0031477 
38.04 	 -0.00313 
38.05 	 -0.0031076 
38.06 	 -0.0030804 
38.07 	 -0.0030488 
38.08 	 -0.0030131 
38.09 	 -0.0029738 
38.1 	 -0.0029315 
38.11 	 -0.0028866 
38.12 	 -0.0028393 
38.13 	 -0.0027901 
38.14 	 -0.0027392 
38.15 	 -0.0026869 
38.16 	 -0.0026336 
38.17 	 -0.0025798 
38.18 	 -0.0025259 
38.19 	 -0.0024722 
38.2 	 -0.0024189 
38.21 	 -0.0023663 
38.22 	 -0.0023143 
38.23 	 -0.0022632 
38.24 	 -0.0022126 
38.25 	 -0.0021627 
38.26 	 -0.0021134 
38.27 	 -0.0020648 
38.28 	 -0.0020169 
38.29 	 -0.0019701 
38.3 	 -0.0019247 
38.31 	 -0.0018811 
38.32 	 -0.0018396 
38.33 	 -0.0018006 
38.34 	 -0.0017644 
38.35 	 -0.001731 
38.36 	 -0.0017004 
38.37 	 -0.0016724 
38.38 	 -0.0016466 
38.39 	 -0.0016226 
38.4 	 -0.0015998 
38.41 	 -0.0015776 
38.42 	 -0.0015556 
38.43 	 -0.0015335 
38.44 	 -0.001511 
38.45 	 -0.001488 
38.46 	 -0.0014645 
38.47 	 -0.0014403 
38.48 	 -0.0014156 
38.49 	 -0.0013903 
38.5 	 -0.0013644 
38.51 	 -0.0013379 
38.52 	 -0.0013109 
38.53 	 -0.0012833 
38.54 	 -0.0012551 
38.55 	 -0.0012265 
38.56 	 -0.0011974 
38.57 	 -0.001168 
38.58 	 -0.0011383 
38.59 	 -0.0011084 
38.6 	 -0.0010783 
38.61 	 -0.0010482 
38.62 	 -0.0010181 
38.63 	 -0.0009884 
38.64 	 -0.000959 
38.65 	 -0.0009304 
38.66 	 -0.0009026 
38.67 	 -0.0008759 
38.68 	 -0.0008503 
38.69 	 -0.0008259 
38.7 	 -0.0008026 
38.71 	 -0.0007803 
38.72 	 -0.0007591 
38.73 	 -0.0007388 
38.74 	 -0.0007194 
38.75 	 -0.0007008 
38.76 	 -0.000683 
38.77 	 -0.000666 
38.78 	 -0.0006498 
38.79 	 -0.0006343 
38.8 	 -0.0006196 
38.81 	 -0.0006058 
38.82 	 -0.000593 
38.83 	 -0.0005812 
38.84 	 -0.0005706 
38.85 	 -0.0005612 
38.86 	 -0.0005531 
38.87 	 -0.0005463 
38.88 	 -0.0005406 
38.89 	 -0.0005361 
38.9 	 -0.0005326 
38.91 	 -0.0005298 
38.92 	 -0.0005278 
38.93 	 -0.0005263 
38.94 	 -0.0005252 
38.95 	 -0.0005245 
38.96 	 -0.0005241 
38.97 	 -0.000524 
38.98 	 -0.0005241 
38.99 	 -0.0005245 
39.0 	 -0.000525 
39.01 	 -0.0005257 
39.02 	 -0.0005263 
39.03 	 -0.0005268 
39.04 	 -0.0005271 
39.05 	 -0.000527 
39.06 	 -0.0005265 
39.07 	 -0.0005256 
39.08 	 -0.0005242 
39.09 	 -0.0005225 
39.1 	 -0.0005204 
39.11 	 -0.0005179 
39.12 	 -0.0005152 
39.13 	 -0.0005121 
39.14 	 -0.0005087 
39.15 	 -0.000505 
39.16 	 -0.0005008 
39.17 	 -0.0004962 
39.18 	 -0.0004909 
39.19 	 -0.0004848 
39.2 	 -0.000478 
39.21 	 -0.0004701 
39.22 	 -0.0004613 
39.23 	 -0.0004514 
39.24 	 -0.0004403 
39.25 	 -0.0004281 
39.26 	 -0.0004147 
39.27 	 -0.0004002 
39.28 	 -0.0003847 
39.29 	 -0.0003681 
39.3 	 -0.0003506 
39.31 	 -0.0003322 
39.32 	 -0.0003131 
39.33 	 -0.0002933 
39.34 	 -0.000273 
39.35 	 -0.0002522 
39.36 	 -0.000231 
39.37 	 -0.0002096 
39.38 	 -0.000188 
39.39 	 -0.0001662 
39.4 	 -0.0001442 
39.41 	 -0.0001222 
39.42 	 -0.0001002 
39.43 	 -7.81e-05 
39.44 	 -5.59e-05 
39.45 	 -3.38e-05 
39.46 	 -1.16e-05 
39.47 	 1.05e-05 
39.48 	 3.28e-05 
39.49 	 5.5e-05 
39.5 	 7.74e-05 
39.51 	 9.98e-05 
39.52 	 0.0001222 
39.53 	 0.0001447 
39.54 	 0.0001671 
39.55 	 0.0001894 
39.56 	 0.0002116 
39.57 	 0.0002337 
39.58 	 0.0002556 
39.59 	 0.0002773 
39.6 	 0.0002989 
39.61 	 0.0003202 
39.62 	 0.0003413 
39.63 	 0.0003621 
39.64 	 0.0003827 
39.65 	 0.0004031 
39.66 	 0.0004232 
39.67 	 0.000443 
39.68 	 0.0004625 
39.69 	 0.0004817 
39.7 	 0.0005005 
39.71 	 0.0005191 
39.72 	 0.0005373 
39.73 	 0.0005552 
39.74 	 0.0005728 
39.75 	 0.0005901 
39.76 	 0.0006071 
39.77 	 0.0006238 
39.78 	 0.0006402 
39.79 	 0.0006563 
39.8 	 0.0006721 
39.81 	 0.0006876 
39.82 	 0.0007028 
39.83 	 0.0007177 
39.84 	 0.0007324 
39.85 	 0.0007468 
39.86 	 0.0007609 
39.87 	 0.0007747 
39.88 	 0.0007882 
